1.3155281056030877E+009   9.9999750435129472E-002   -2.9000240681296416E+000   3.5002592998722069E+000   -9.2785348162712145E-001
7.5767714031507921E+008   1.4999962724979218E-001   -2.4354491427485749E+000   3.5390494032199968E+000   -7.7314622563216795E-001
5.3708382231905174E+008   1.9999952314885161E-001   -2.1771476446151565E+000   3.5568441842420166E+000   -6.7958503860949770E-001
4.4348163842828375E+008   2.4999941737905693E-001   -2.0091171062926927E+000   3.5631088146260605E+000   -6.0809903021635314E-001
3.6850750733427542E+008   2.9999931834620724E-001   -1.8762975650064799E+000   3.5676851092452861E+000   -5.5084184881169884E-001
3.5654672789743239E+008   3.0999929798231174E-001   -1.8523122969342323E+000   3.5685909705968828E+000   -5.4066093747876864E-001
2.0026231431441674E+008   3.1999935696265697E-001   -1.8243189396963717E+000   3.5694289601993390E+000   -5.2834023806474895E-001
1.8305610389664230E+008   3.2999934350030324E-001   -1.7980287742106622E+000   3.5705230427080124E+000   -5.1738332033924150E-001
1.7434303386769977E+008   3.3999932530972676E-001   -1.7711877814405257E+000   3.5717282433955875E+000   -5.0637322532932438E-001
1.7708135065882879E+008   3.4999929979567973E-001   -1.7463198407622387E+000   3.5729830390400119E+000   -4.9644884627902952E-001
1.7017894722403571E+008   3.5999928006085702E-001   -1.7182063714678328E+000   3.5744011860789731E+000   -4.8522840570974829E-001
1.6903888413688821E+008   3.6999925610996620E-001   -1.6908850594905331E+000   3.5759018300011194E+000   -4.7456903756539104E-001
1.6410840523952180E+008   3.7999923442561295E-001   -1.6615974908698790E+000   3.5775701722080822E+000   -4.6326193766899026E-001
1.6231903029202861E+008   3.8999920994787990E-001   -1.6325543206902826E+000   3.5793608795325369E+000   -4.5232176722810219E-001
1.6429210878235525E+008   3.9999918131009221E-001   -1.6041373561831014E+000   3.5812274899526564E+000   -4.4184650581474960E-001
1.5087317804992443E+008   4.4999904777621863E-001   -1.4469738860979731E+000   3.5934731544013507E+000   -3.8775609966957514E-001
1.3346251533423984E+008   4.9999890221465809E-001   -1.2868266024898900E+000   3.6091412294537331E+000   -3.3901860797029693E-001
1.0869507690915021E+008   5.4999876595352015E-001   -1.1229605751889458E+000   3.6290073575816173E+000   -2.9681785057559429E-001
8.6718834067670107E+007   5.9999863477027426E-001   -9.5950457049039273E-001   3.6521889465613979E+000   -2.6145302618587812E-001
6.9655826141218126E+007   6.4999850409975113E-001   -7.9977773148955822E-001   3.6781649597493349E+000   -2.3354163306133524E-001
5.8380738721831635E+007   6.9999835875149974E-001   -6.5118583292586951E-001   3.7028597362566553E+000   -2.0863523679413160E-001
5.0608808413599528E+007   7.4999819583461091E-001   -5.1304840410762931E-001   3.7246506756853504E+000   -1.8314840124240184E-001
4.3089449019089788E+007   7.9999803959847504E-001   -3.8047270915031234E-001   3.7445541022697557E+000   -1.5666740693255291E-001
3.8481240572062410E+007   8.4999784764541053E-001   -2.5703636329494300E-001   3.7618483377950516E+000   -1.2953770505546139E-001
3.4995939564787202E+007   8.9999762978520681E-001   -1.4171928090258396E-001   3.7769588598845121E+000   -1.0210020803820190E-001
3.3738941725833774E+007   9.1999753734736789E-001   -9.8033064075771933E-002   3.7823996822848249E+000   -9.1138744425421622E-002
3.1526597702816974E+007   9.3999747388087473E-001   -5.5076930629526809E-002   3.7876566182174307E+000   -8.0174549567511300E-002
3.0404909617265053E+007   9.5999737877236346E-001   -1.3785977831364824E-002   3.7925645403242658E+000   -6.9344917382099983E-002
2.8028994838712916E+007   9.7999733078266382E-001   2.7549382084354854E-002   3.7974614999366945E+000   -5.8471156649098167E-002
2.7088863207419902E+007   9.9999723233701077E-001   6.6783676151266194E-002   3.8019369442933044E+000   -4.7804898328862769E-002
2.6040949367321420E+007   1.0199971386904128E+000   1.0561966192686634E-001   3.8063277585747346E+000   -3.7168534003921845E-002
2.4700184200739279E+007   1.0399970607906386E+000   1.4393514912413574E-001   3.8106781978925617E+000   -2.6711669040942222E-002
2.2831079752774548E+007   1.0599970164516681E+000   1.8223093642673935E-001   3.8150572912301635E+000   -1.6321962064843151E-002
2.2266252596069533E+007   1.0799969047470004E+000   2.1877819244366478E-001   3.8191603494796591E+000   -6.2544505553713920E-003
2.0739245490790822E+007   1.0999968546826682E+000   2.5503885691482714E-001   3.8233191008038618E+000   3.5583790318036834E-003
1.9757083091544632E+007   1.1199967753344655E+000   2.9034032236153628E-001   3.8273766139696983E+000   1.3094085423486085E-002
1.8900604581943639E+007   1.1399966912393478E+000   3.2530151027692927E-001   3.8314458687093036E+000   2.2436169901970362E-002
1.7930375829250999E+007   1.1599966206886183E+000   3.5972326672261595E-001   3.8355032378052245E+000   3.1532309932972465E-002
1.7180955573017247E+007   1.1799965362508873E+000   3.9351836484647318E-001   3.8396045270097461E+000   4.0227280585857478E-002
2.1399296071105070E+007   1.1999959501112154E+000   4.4336223122941243E-001   3.8480303674939340E+000   4.8297532808952479E-002
2.0267028943435013E+007   1.2199958765374939E+000   4.7674827292635263E-001   3.8529612953684631E+000   5.5128697908363146E-002
1.9397090944939662E+007   1.2399957821905168E+000   5.0944986234241607E-001   3.8581811434648103E+000   6.1039796423700686E-002
1.8951038659754451E+007   1.2599956417436136E+000   5.4085189527057531E-001   3.8637892700140370E+000   6.5524559789327363E-002
1.7946609072547168E+007   1.2799955793406508E+000   5.7217104517141260E-001   3.8695089804759553E+000   6.9744713815909118E-002
1.7042256854738973E+007   1.2999955152835365E+000   6.0295244223891309E-001   3.8756372730783766E+000   7.2878827144817374E-002
1.6307814225715326E+007   1.3199954363596729E+000   6.3288278219394167E-001   3.8819916550673041E+000   7.5135233144476288E-002
1.5869569413071195E+007   1.3399953178832802E+000   6.6126452163211069E-001   3.8885577416940245E+000   7.6193929610120073E-002
1.5369633301710946E+007   1.3599952136759503E+000   6.8921341086577581E-001   3.8950565458685968E+000   7.7170765877808190E-002
1.4749592769394975E+007   1.3799951358397349E+000   7.1717406275075679E-001   3.9014420286603344E+000   7.8380126236824457E-002
1.4456663847763335E+007   1.3999950027521511E+000   7.4314122976967933E-001   3.9076901246812557E+000   7.8867517704442502E-002
1.3622870631531851E+007   1.4199949794796454E+000   7.7166430364393990E-001   3.9138741108316015E+000   8.0761082340881168E-002
1.3301433033825684E+007   1.4399948602148147E+000   7.9676486913815570E-001   3.9198619475398768E+000   8.1335691671438975E-002
1.2958572726414185E+007   1.4599947478363318E+000   8.2158924502108321E-001   3.9256948714862796E+000   8.2082031720096663E-002
1.2578364732804831E+007   1.4799946472622374E+000   8.4643836395365168E-001   3.9314491913547549E+000   8.2997951449428814E-002
1.2268406822141349E+007   1.4999945336360816E+000   8.7036357065873649E-001   3.9370098283735127E+000   8.3839280764456348E-002
1.1690381481061364E+007   1.5199944905907679E+000   8.9583064158029035E-001   3.9426110880099290E+000   8.5370296952401836E-002
1.1522158460697070E+007   1.5399943484802854E+000   9.1813321143897930E-001   3.9478797552288212E+000   8.5984247443961076E-002
1.1119443790659957E+007   1.5599942709145613E+000   9.4176079708146743E-001   3.9531624000298629E+000   8.7232750663120945E-002
1.0799366351151980E+007   1.5799941754568572E+000   9.6457772299818600E-001   3.9583101980427733E+000   8.8345617595660481E-002
1.0299606061704984E+007   1.5999941381586371E+000   9.8866137523709596E-001   3.9635275010225275E+000   8.9952837755607112E-002
9.9834493337450307E+006   1.6199940521070226E+000   1.0109436216637231E+000   3.9684740553503528E+000   9.1200852313270131E-002
9.8421971398301031E+006   1.6399939137917368E+000   1.0314271577959915E+000   3.9731825388199127E+000   9.2025653440284474E-002
9.5558254007110391E+006   1.6599938250147117E+000   1.0529467799764003E+000   3.9779302285712066E+000   9.3290085027901204E-002
9.4594475972839221E+006   1.6799936734009542E+000   1.0729225796095434E+000   3.9824437401738693E+000   9.4250961639146577E-002
8.9803367803642750E+006   1.6999936613868820E+000   1.0953790665517835E+000   3.9871872507021804E+000   9.5992184053644514E-002
8.8332644092991091E+006   1.7199935330771687E+000   1.1150956119855120E+000   3.9915669496982300E+000   9.7091058778409706E-002
8.7185712463064082E+006   1.7399933934519669E+000   1.1344881070776738E+000   3.9958518358784687E+000   9.8217533964012796E-002
8.3982057511699609E+006   1.7599933377648198E+000   1.1550355054210240E+000   4.0002153096136039E+000   9.9764285665416896E-002
8.1753025796088129E+006   1.7799932473125777E+000   1.1746895754107460E+000   4.0044312424487289E+000   1.0115945499002806E-001
7.8973680487728044E+006   1.7999931850997557E+000   1.1945631083231352E+000   4.0086387499789167E+000   1.0268120638584782E-001
7.8373113027809728E+006   1.8199930288658519E+000   1.2126500008758161E+000   4.0125791922369585E+000   1.0384376814610416E-001
7.6772880004923474E+006   1.8399929191600344E+000   1.2312874289827318E+000   4.0165454448976226E+000   1.0522997687823463E-001
7.5557866939702770E+006   1.8599927924308914E+000   1.2495373317724181E+000   4.0204154733756816E+000   1.0661487131696001E-001
7.1485727360532302E+006   1.8799928122350498E+000   1.2692319607730018E+000   4.0244262393629215E+000   1.0844065384277135E-001
7.1859193677629568E+006   1.8999926097574162E+000   1.2859584063841396E+000   4.0280399378321432E+000   1.0957647970989676E-001
6.8815293595109303E+006   1.9199925886756684E+000   1.3045080484987077E+000   4.0318250371592583E+000   1.1128110211295017E-001
6.7685409956356930E+006   1.9399924682495597E+000   1.3217173868818470E+000   4.0354186468469919E+000   1.1269855192905312E-001
6.5681407744339695E+006   1.9599924000376754E+000   1.3393126988534685E+000   4.0390230647107970E+000   1.1428737218725271E-001
6.5291590294442959E+006   1.9799922398715166E+000   1.3557899222733407E+000   4.0424517946250162E+000   1.1566852406875056E-001
6.4349254447095022E+006   1.9999921125033833E+000   1.3724683621648675E+000   4.0458753757277250E+000   1.1716058180909693E-001
6.1793194719234686E+006   2.0199920892309744E+000   1.3897005815990497E+000   4.0493325060160226E+000   1.1886243094959381E-001
6.0117919492815956E+006   2.0399920154957840E+000   1.4063216598536465E+000   4.0526741374760871E+000   1.2048970715676263E-001
6.0009819508971125E+006   2.0599918395229504E+000   1.4219796390285036E+000   4.0558689240460941E+000   1.2192912360417690E-001
5.8196442085135607E+006   2.0799917807684847E+000   1.4382668774282639E+000   4.0591157740211345E+000   1.2357904285397631E-001
5.6698343603691263E+006   2.0999917048553423E+000   1.4542509243898727E+000   4.0622886068306387E+000   1.2522540071577223E-001
5.5676792749426840E+006   2.1199915970918499E+000   1.4698781451250675E+000   4.0653954106685593E+000   1.2682540340752851E-001
5.3752663710562736E+006   2.1399915607543512E+000   1.4857656362606828E+000   4.0685040183917209E+000   1.2855193352901301E-001
5.3299074601117782E+006   2.1599914141438123E+000   1.5007390767204636E+000   4.0714709982660766E+000   1.3010469401019198E-001
5.3210021666347533E+006   2.1799912377443529E+000   1.5155300286232802E+000   4.0743839569695863E+000   1.3167425255458162E-001
5.1189054413753906E+006   2.1999912212431423E+000   1.5308577818299736E+000   4.0773541789355470E+000   1.3339768522600678E-001
4.9286680113369683E+006   2.2199912017552572E+000   1.5461515210436263E+000   4.0802997929160156E+000   1.3515332687189593E-001
4.9291341000684667E+006   2.2399910196295925E+000   1.5603170932546206E+000   4.0830574708742295E+000   1.3672075706096368E-001
4.8540212189703118E+006   2.2599909042811035E+000   1.5747904352766458E+000   4.0858440222955963E+000   1.3838432522924418E-001
4.6713404724915158E+006   2.2799908918691334E+000   1.5894776742999537E+000   4.0886458727359924E+000   1.4012424386010544E-001
4.5637670058128824E+006   2.2999908139006719E+000   1.6037805261001705E+000   4.0913725855667229E+000   1.4182224409875369E-001
4.4838689410061724E+006   2.3199907113982272E+000   1.6178146107959113E+000   4.0940404771769749E+000   1.4350350322612015E-001
4.4553265112482905E+006   2.3399905588981906E+000   1.6315006152601153E+000   4.0966318921219989E+000   1.4516367556817272E-001
4.4355599225862129E+006   2.3599903960240525E+000   1.6451228321749556E+000   4.0992039703983254E+000   1.4683062747294026E-001
4.3174875642762333E+006   2.3799903382673753E+000   1.6589064494847232E+000   4.1017975838330445E+000   1.4853520925838509E-001
4.2003338352577453E+006   2.3999902838548066E+000   1.6725207995216107E+000   4.1043472863857362E+000   1.5024297917144758E-001
4.0677488514459790E+006   2.4199902517522198E+000   1.6861274435315952E+000   4.1068897406584224E+000   1.5196139263106592E-001
4.0998050581967873E+006   2.4399900332077364E+000   1.6990897027636636E+000   4.1092936787789593E+000   1.5363464600602691E-001
4.0219781050096829E+006   2.4599899416902922E+000   1.7122361370125521E+000   4.1117274304930538E+000   1.5534035970228177E-001
3.9346710648949230E+006   2.4799898648556451E+000   1.7252904466061805E+000   4.1141422861785601E+000   1.5703780312808444E-001
3.8288106358608590E+006   2.4999898148800250E+000   1.7382981227363863E+000   4.1165419175713156E+000   1.5874237840767461E-001
3.7308397486013575E+006   2.5199897585504130E+000   1.7511785456585773E+000   4.1189164807752645E+000   1.6043346346087220E-001
3.7011307789204125E+006   2.5399896164576266E+000   1.7637508977129894E+000   4.1212064562833817E+000   1.6213968847184401E-001
3.5047062263278109E+006   2.5599897012728845E+000   1.7768439990595037E+000   4.1236372629115676E+000   1.6382462588873062E-001
3.5352268496823059E+006   2.5799894798461924E+000   1.7888537906302546E+000   4.1257944353981166E+000   1.6551517670100624E-001
3.3800012186675761E+006   2.5999895209199368E+000   1.8015983268698623E+000   4.1281383407577206E+000   1.6719963410160260E-001
3.3808905245501255E+006   2.6199893410645609E+000   1.8134968150415733E+000   4.1302640281544010E+000   1.6889750339409762E-001
3.2966671763394694E+006   2.6399892869767743E+000   1.8257341740606547E+000   4.1324872445566374E+000   1.7056975009916561E-001
3.2325054046033365E+006   2.6599892062863666E+000   1.8377783191953978E+000   4.1346580313085113E+000   1.7225024916279069E-001
3.0915718794341562E+006   2.6799892501103195E+000   1.8503578271772936E+000   4.1369699078815980E+000   1.7391625000756361E-001
3.0231210542358286E+006   2.6999891848764066E+000   1.8623275684865042E+000   4.1391265369168799E+000   1.7558786259160636E-001
3.0141435579995457E+006   2.7199890244633713E+000   1.8735775507211248E+000   4.1411155448502281E+000   1.7723483784221966E-001
2.9560855176369241E+006   2.7399889461212363E+000   1.8852526550575635E+000   4.1432037684356304E+000   1.7889594283963434E-001
2.8217690699954908E+006   2.7599889872749928E+000   1.8971014337010572E+000   4.1454418209720751E+000   1.8034422708849046E-001
2.8045571989678754E+006   2.7799888451513985E+000   1.9080244017680186E+000   4.1473455585151493E+000   1.8199823603582366E-001
2.7778080776907946E+006   2.7999887192337769E+000   1.9190905889326355E+000   4.1492861623612258E+000   1.8365012192597976E-001
2.3240736919533098E+006   2.9999879100798275E+000   2.0280946791170540E+000   4.1685100111190616E+000   1.9970446950251583E-001
1.9603877070705215E+006   3.1999871159796358E+000   2.1297311725691910E+000   4.1861957367008849E+000   2.1515126506494028E-001
1.6816786451898180E+006   3.3999862811247623E+000   2.2244462897751287E+000   4.2024595409442007E+000   2.2998121518127745E-001
1.4792036038672896E+006   3.5999853463165348E+000   2.3116197374510712E+000   4.2171721800979496E+000   2.4414266071174912E-001
1.3076284701727554E+006   3.7999844130462228E+000   2.3941299353197500E+000   4.2310170320125700E+000   2.5770805581684819E-001
1.1578621905844894E+006   3.9999834976097426E+000   2.4722117773862871E+000   4.2440398570837523E+000   2.7070332670775349E-001
1.0383017147391906E+006   4.1999825231830119E+000   2.5452690863874179E+000   4.2560703657724446E+000   2.8317096383093210E-001
9.1269073576192057E+005   4.3999817067369724E+000   2.6163314157915005E+000   4.2678796196474345E+000   2.9508362078299444E-001
8.3460890158732503E+005   4.5999806454849530E+000   2.6814708463464760E+000   4.2784228082593057E+000   3.0656695883673918E-001
7.3671053735193668E+005   4.7999798640493960E+000   2.7467850650857168E+000   4.2892427792618983E+000   3.1758412620117432E-001
6.8664728126043745E+005   4.9999787194824572E+000   2.8048335609078565E+000   4.2984599641820873E+000   3.2817400427186771E-001
6.2199227824214206E+005   5.1999778040403664E+000   2.8628938757887052E+000   4.3078720768288870E+000   3.3837993641869268E-001
5.5877173188024166E+005   5.3999769878807289E+000   2.9199244309658465E+000   4.3171847096214444E+000   3.4826994842214687E-001
5.2208663109456247E+005   5.5999758842553176E+000   2.9712039916907074E+000   4.3252761642198161E+000   3.5772681958783481E-001
4.7784832034243032E+005   5.7999749655596080E+000   3.0227416887910921E+000   4.3335641966698475E+000   3.6691960323796324E-001
4.5102338752442144E+005   5.9999738268260501E+000   3.0701053573947412E+000   4.3409609480162494E+000   3.7580793484698477E-001
4.2106710608536837E+005   6.1999727848873469E+000   3.1168661783055138E+000   4.3483429458012814E+000   3.8442434973230760E-001
3.9134864148630848E+005   6.3999718118246518E+000   3.1622840194371626E+000   4.3555397384536025E+000   3.9273968499348938E-001
3.5762939417748124E+005   6.5999710123446382E+000   3.2076515114255764E+000   4.3628440907699293E+000   4.0081472635504306E-001
3.3733489142765035E+005   6.7999699560908580E+000   3.2492591651510074E+000   4.3693375645785348E+000   4.0863160560054801E-001
3.1425468594727939E+005   6.9999690466878270E+000   3.2907077098510067E+000   4.3758841726720163E+000   4.1626266176358501E-001
3.0276903249886888E+005   7.1999678299497729E+000   3.3285131508299135E+000   4.3816377041299788E+000   4.2365831933711207E-001
2.8272632367006998E+005   7.3999669360491591E+000   3.3673502495032488E+000   4.3877639268074944E+000   4.3082442331874971E-001
2.6303469323416741E+005   7.5999660953254446E+000   3.4056519429422214E+000   4.3938264410860697E+000   4.3785024148108520E-001
2.5398278434959357E+005   7.7999649036374255E+000   3.4401716794289157E+000   4.3990641272739426E+000   4.4463473734868658E-001
2.3577174446983219E+005   7.9999641307461911E+000   3.4766741622851951E+000   4.4048571014421061E+000   4.5130003044049771E-001
1.9032495998876804E+005   8.9999527403187205E+000   3.6354150323837340E+000   4.4291662177450464E+000   4.8205223288388810E-001
1.5010053063388477E+005   9.9996815085552448E+000   3.7769544621156919E+000   4.4509378716736157E+000   5.0927863989272837E-001
1.2781195249567357E+005   1.0999579612730658E+001   3.9013895349869601E+000   4.4697104635575862E+000   5.3395099256042222E-001
1.0946113888980220E+005   1.1999457725157058E+001   4.0138028699518671E+000   4.4866152312016006E+000   5.5634812475484519E-001
9.5258789776088088E+004   1.2999314095039210E+001   4.1154974217701126E+000   4.5018191811827153E+000   5.7678750070173956E-001
8.5089020451175980E+004   1.3999145298731452E+001   4.2077328209209890E+000   4.5154454333293454E+000   5.9565269598391690E-001
7.6148693758724519E+004   1.4998952915188147E+001   4.2927416653879691E+000   4.5279754056763313E+000   6.1309717352343451E-001
6.8246863224191693E+004   1.5998738003764469E+001   4.3713196169776207E+000   4.5394824941367204E+000   6.2937197239748333E-001
6.2033768932959996E+004   1.6998496622153780E+001   4.4439294545925918E+000   4.5500283409283799E+000   6.4458519762165045E-001
5.7875750293836063E+004   1.7998220478697711E+001   4.5107741201481648E+000   4.5596074953222665E+000   6.5884922161166248E-001
5.2972720948810682E+004   1.8997926891599587E+001   4.5739181730745280E+000   4.5686887223004380E+000   6.7225879411850054E-001
4.8941265389272703E+004   1.9997605547654164E+001   4.6329548432810999E+000   4.5770984053825989E+000   6.8495776305746570E-001
4.3656507339826429E+004   2.1996853429424512E+001   4.7395011667916638E+000   4.5920481805359588E+000   7.0833137450602901E-001
3.9795117571060946E+004   2.3995969213510723E+001   4.8342635921790809E+000   4.6051365241683948E+000   7.2953589993486567E-001
3.5879573977174630E+004   2.5994988178771354E+001   4.9200468058341267E+000   4.6168955837837586E+000   7.4890938753165892E-001
3.2135052376429525E+004   2.7993920695336360E+001   4.9983074250783615E+000   4.6275297866435494E+000   7.6677129143419609E-001
3.0268980496546883E+004   2.9992642778465658E+001   5.0685838624977704E+000   4.6368029776441810E+000   7.8336312814263687E-001
2.7792861864413517E+004   3.1991401976826687E+001   5.1339129083092772E+000   4.6453773289496363E+000   7.9887894843747898E-001
2.6247819919361587E+004   3.3989996366479986E+001   5.1937316475914228E+000   4.6530324300478618E+000   8.1347811588210039E-001
2.4876613101194736E+004   3.5988553610413128E+001   5.2492687698458882E+000   4.6600305821146861E+000   8.2725037287568581E-001
2.3439578242386295E+004   3.7987187277164644E+001   5.3012547607640084E+000   4.6664916918358941E+000   8.4032114889233023E-001
2.2489294680472543E+004   3.9985756983080229E+001   5.3495204759520432E+000   4.6723701434886706E+000   8.5269710318079461E-001
2.0744423068181215E+004   4.4982504077061670E+001   5.4575088339355950E+000   4.6851513188268568E+000   8.8112893149619875E-001
1.9065745430192535E+004   4.9979784618417391E+001   5.5516283512181328E+000   4.6959163383522053E+000   9.0665865108676946E-001
1.7252754795636953E+004   5.4977756849604958E+001   5.6345415181994039E+000   4.7051973227399166E+000   9.2955326580198283E-001
1.7272314863166899E+004   5.9974629980796770E+001   5.7065473498803483E+000   4.7128149164580515E+000   9.5032099420618399E-001
1.5865752652722389E+004   6.4972927795963614E+001   5.7725742002785747E+000   4.7198404203721083E+000   9.6928341157718523E-001
1.4253940981515376E+004   6.9972139950039974E+001   5.8327742346427272E+000   4.7261516446616572E+000   9.8676098018016323E-001
1.3622089262491583E+004   7.4971439724440842E+001   5.8869525787165520E+000   4.7315503261580805E+000   1.0030527892242282E+000
1.2922209742476542E+004   7.9971265274116476E+001   5.9369646860756502E+000   4.7363884034092081E+000   1.0183826884015232E+000
1.2127082686222508E+004   8.4970225739448324E+001   5.9832830484866166E+000   4.7408652381648420E+000   1.0325882000957387E+000
1.1559971960211022E+004   8.9967924605514824E+001   6.0261386301179432E+000   4.7449109909611940E+000   1.0459244853186966E+000
1.1075001016234552E+004   9.4965834112153104E+001   6.0660797264042028E+000   4.7485828144529547E+000   1.0585513864783052E+000
1.0863600297964182E+004   9.9963643037899104E+001   6.1032407272030866E+000   4.7518820261390857E+000   1.0705334635054859E+000
1.0175263567675094E+004   1.0496293798724183E+002   6.1387201285358168E+000   4.7550415837757374E+000   1.0819540488985484E+000
9.9158509572539097E+003   1.0996197468003689E+002   6.1717046784467797E+000   4.7577990835914159E+000   1.0929313242226728E+000
9.5824079070857351E+003   1.1496202013855623E+002   6.2030044954904753E+000   4.7603853480600531E+000   1.1034087038072449E+000
9.2819661985002167E+003   1.1996108677708708E+002   6.2327241253380237E+000   4.7627518775046553E+000   1.1135354598418139E+000
8.3812248527893626E+003   1.2496051161974638E+002   6.2617070451709393E+000   4.7650903014815666E+000   1.1233500718044500E+000
8.6730779180439567E+003   1.2995588329920838E+002   6.2878259485371730E+000   4.7669861139860847E+000   1.1326178984785316E+000
8.3274906042273560E+003   1.3495364893362526E+002   6.3136460245452755E+000   4.7688280845329301E+000   1.1418439953888915E+000
8.2491169575227050E+003   1.3995058062757019E+002   6.3379463228587056E+000   4.7705395066919554E+000   1.1505713002275553E+000
7.2509007621286628E+003   1.4495212005619584E+002   6.3622682766273853E+000   4.7723990054674390E+000   1.1590132795609296E+000
7.0420172543068720E+003   1.4995119107779576E+002   6.3842706244150156E+000   4.7741762945315305E+000   1.1664598753265594E+000
6.5277949383115592E+003   1.7494484570294736E+002   6.4840072765957784E+000   4.7812578268914550E+000   1.2021651366970927E+000
6.1185810761010216E+003   1.9993705037267264E+002   6.5682980886307059E+000   4.7865423788236310E+000   1.2337414388502042E+000
5.4732737614750467E+003   2.2493060161137493E+002   6.6413806507578768E+000   4.7908881159353491E+000   1.2615912456903540E+000
5.1645635317895867E+003   2.4992319704999272E+002   6.7049971128739125E+000   4.7943414813052350E+000   1.2864927460085993E+000
5.1063273728980957E+003   2.7491290883219688E+002   6.7614034840163297E+000   4.7972628221216755E+000   1.3088532499469276E+000
4.9908738713193525E+003   2.9990288569228534E+002   6.8122828475230115E+000   4.7997188410375484E+000   1.3293808938685225E+000
