1.4998068980407712E+009   9.9999748390389845E-002   -2.9447223264590816E+000   3.4828949930045714E+000   -9.1547399705656962E-001
8.0536485295682251E+008   1.4999963688498977E-001   -2.4978547566919138E+000   3.5184921499353372E+000   -7.6323452603451791E-001
6.0774522752814043E+008   1.9999952304716662E-001   -2.2298850027321233E+000   3.5397202444738163E+000   -6.7170583813158025E-001
4.5909541675477928E+008   2.4999942947567930E-001   -2.0530684473483882E+000   3.5488540068774030E+000   -6.0156508524688601E-001
4.1369250659226733E+008   2.9999931498420751E-001   -1.9152371683711824E+000   3.5550479226221450E+000   -5.4503727724776674E-001
3.8546135992988455E+008   3.0999930145967730E-001   -1.8902971785643332E+000   3.5562666335205275E+000   -5.3500470414110801E-001
1.9951500838995340E+008   3.1999936948564567E-001   -1.8596773972109313E+000   3.5573711580236713E+000   -5.2190386247069509E-001
1.9417626443725741E+008   3.2999934942243375E-001   -1.8343552207655356E+000   3.5587102007870826E+000   -5.1192085977481994E-001
1.8321229824179211E+008   3.3999933237463448E-001   -1.8068504760020376E+000   3.5601371293616477E+000   -5.0102234454220107E-001
1.7900318401662204E+008   3.4999931163708081E-001   -1.7803073975400896E+000   3.5616128485664063E+000   -4.9070224372074306E-001
1.7968164880892670E+008   3.5999928741697484E-001   -1.7546196742409195E+000   3.5631200523129385E+000   -4.8087278956422302E-001
1.7287409141690129E+008   3.6999926788708359E-001   -1.7261886971538636E+000   3.5647484443488260E+000   -4.6991408509247046E-001
1.7385570705692166E+008   3.7999924258101359E-001   -1.6997221920277630E+000   3.5663995918366771E+000   -4.5998312750512038E-001
1.6724701758534849E+008   3.8999922251088476E-001   -1.6700837026882414E+000   3.5682300622376633E+000   -4.4882482363733289E-001
1.6441239015081242E+008   3.9999919930614214E-001   -1.6411309319518033E+000   3.5701311464946617E+000   -4.3815060678311113E-001
1.5773288470179963E+008   4.4999906801678191E-001   -1.4932673516619925E+000   3.5811839932291556E+000   -3.8632451010719354E-001
1.4857771601368457E+008   4.9999891965696963E-001   -1.3441730832652836E+000   3.5944820761508174E+000   -3.3837354175216111E-001
1.3245725136137380E+008   5.4999876622424737E-001   -1.1947556898185288E+000   3.6101229385236810E+000   -2.9494656977451245E-001
1.0830212426873161E+008   5.9999863170099343E-001   -1.0400725037566454E+000   3.6296091319199597E+000   -2.5657736353612892E-001
8.6345405606028855E+007   6.4999850767663570E-001   -8.8547850382895621E-001   3.6529896159535866E+000   -2.2604133163953799E-001
7.0693503120728940E+007   6.9999837743212501E-001   -7.3486806158847218E-001   3.6784062825634849E+000   -2.0156944373909244E-001
6.0142989261844739E+007   7.4999823136734223E-001   -5.9540501320881911E-001   3.7013238542344169E+000   -1.7767306289113008E-001
5.3563781205290996E+007   7.9999805625294151E-001   -4.6579600401963844E-001   3.7214795111048176E+000   -1.5317987203734060E-001
4.7216270938361846E+007   8.4999788054172754E-001   -3.4204816880156308E-001   3.7397213906942546E+000   -1.2778971360717689E-001
4.1957465606614351E+007   8.9999769202810465E-001   -2.2670071649883539E-001   3.7555780838000716E+000   -1.0182937366744793E-001
4.0969663041588321E+007   9.1999759282950511E-001   -1.8336426870590208E-001   3.7611840051330954E+000   -9.1372992437028136E-002
3.8078849354283415E+007   9.3999753908083428E-001   -1.4032835686083103E-001   3.7666605312236041E+000   -8.0808088695509303E-002
3.6807909538432539E+007   9.5999744661518549E-001   -9.9390604459902110E-002   3.7716700257036440E+000   -7.0358201455124128E-002
3.4867081191214517E+007   9.7999737392701580E-001   -5.8907259493990970E-002   3.7765312580609991E+000   -5.9838993686879463E-002
3.3003245229845043E+007   9.9999730240094675E-001   -1.9399033351297692E-002   3.7811637882179734E+000   -4.9349940929481501E-002
3.1735113565932274E+007   1.0199972126351233E+000   1.8973428645176319E-002   3.7855006801275306E+000   -3.8837493750359935E-002
2.9347412279896799E+007   1.0399971700324642E+000   5.7312119905047761E-002   3.7899090064737444E+000   -2.8484800812851097E-002
2.8416414143739451E+007   1.0599970718273961E+000   9.3922713208642802E-002   3.7938681564791237E+000   -1.8097804171812597E-002
2.6671226565842163E+007   1.0799970136630046E+000   1.3043938416481157E-001   3.7978909244628110E+000   -7.8850046611022365E-003
2.5156151376652576E+007   1.0999969507777592E+000   1.6636004670890064E-001   3.8018068587302616E+000   2.2434580760407209E-003
2.4180817573221788E+007   1.1199968625835637E+000   2.0104779874376616E-001   3.8054869541537881E+000   1.2227143246420666E-002
2.2645270833041452E+007   1.1399968126718716E+000   2.3593268087373279E-001   3.8092474341020073E+000   2.2148624414965686E-002
2.2001471312203970E+007   1.1599967101429400E+000   2.6922887739207951E-001   3.8127349654095366E+000   3.1821660059080818E-002
2.0740405086247280E+007   1.1799966536502500E+000   3.0237241978921037E-001   3.8162943059254153E+000   4.1274750225888841E-002
1.9777775990835436E+007   1.1999965812623377E+000   3.3493474006837548E-001   3.8197623191629826E+000   5.0619883890336510E-002
1.8883303489034615E+007   1.2199965083121338E+000   3.6690031613154211E-001   3.8231813646757344E+000   5.9764580896415682E-002
1.8418666005484279E+007   1.2399963997021122E+000   3.9847849430173016E-001   3.8266265972999411E+000   6.8663204733096894E-002
1.7399322924086910E+007   1.2599963478112055E+000   4.2906115639640102E-001   3.8299495377085018E+000   7.7308654963310589E-002
1.6704765816003904E+007   1.2799962688829778E+000   4.5956743310241371E-001   3.8333513891382975E+000   8.5758090456726416E-002
1.6082093335537577E+007   1.2999961861610843E+000   4.8948393084235342E-001   3.8367794262198402E+000   9.3860265163609902E-002
1.9941744556486744E+007   1.3199955035085089E+000   5.6301865950602670E-001   3.8515318134649381E+000   1.0112285500525135E-001
1.9182602661752217E+007   1.3399954047392215E+000   5.9410960943282587E-001   3.8567601003430085E+000   1.0621175621251024E-001
1.8403433125059620E+007   1.3599953163632128E+000   6.2453179540814419E-001   3.8622058115493543E+000   1.1053142678747782E-001
1.7543795580687065E+007   1.3799952513323379E+000   6.5470214845311392E-001   3.8677852994971800E+000   1.1445762741431095E-001
1.7063276147854060E+007   1.3999951296630484E+000   6.8282139979418677E-001   3.8741710575398098E+000   1.1574573699958761E-001
1.6317446667225059E+007   1.4199950636959335E+000   7.1183790521968038E-001   3.8801776734732760E+000   1.1824075784540218E-001
1.5800098840975352E+007   1.4399949622305355E+000   7.3892759731573010E-001   3.8865402571407297E+000   1.1906043655852026E-001
1.5266490882358102E+007   1.4599948705383157E+000   7.6574235441611949E-001   3.8927394100770525E+000   1.2006950923606793E-001
1.4871233877059489E+007   1.4799947544729344E+000   7.9060112810343941E-001   3.8989115687310849E+000   1.2015457877166305E-001
1.4347929598840913E+007   1.4999946722897874E+000   8.1658967622634915E-001   3.9048027662086318E+000   1.2136645787802526E-001
1.3978322987933842E+007   1.5199945594715263E+000   8.4028744913455855E-001   3.9106363670853495E+000   1.2154814257869435E-001
1.3612993579741687E+007   1.5399944491657576E+000   8.6355191198420000E-001   3.9162950818981952E+000   1.2186294437782430E-001
1.3095632766484179E+007   1.5599943829008835E+000   8.8888842555135461E-001   3.9218174625109370E+000   1.2348643993591726E-001
1.2690547359896177E+007   1.5799942930227300E+000   9.1234841897057750E-001   3.9272096899619258E+000   1.2443198174355051E-001
1.2557809443323098E+007   1.5999941304384810E+000   9.3071482052724985E-001   3.9322464676820923E+000   1.2354162708155333E-001
1.2207091136919515E+007   1.6199940322082835E+000   9.5274203533139568E-001   3.9373196423570644E+000   1.2440888513368201E-001
1.1779003452225419E+007   1.6399939624869440E+000   9.7601427322833301E-001   3.9423905650470186E+000   1.2590315870224342E-001
1.1397068813458404E+007   1.6599938846905575E+000   9.9840526109723982E-001   3.9473157665875411E+000   1.2724824955565148E-001
1.1086919677181156E+007   1.6799937886147578E+000   1.0193672439174037E+000   3.9520555961916664E+000   1.2824958175748352E-001
1.0851843434292816E+007   1.6999936708320371E+000   1.0385540970686071E+000   3.9565470571911630E+000   1.2886008633409093E-001
1.0574990202677058E+007   1.7199935707193506E+000   1.0586555302664744E+000   3.9610447836462641E+000   1.2991535002282337E-001
1.0388239812155640E+007   1.7399934411726115E+000   1.0769844906475792E+000   3.9652647433722561E+000   1.3063991076139114E-001
1.0159649356884602E+007   1.7599933293052359E+000   1.0960190614264376E+000   3.9694786753368541E+000   1.3172933222162445E-001
9.8177826252574380E+006   1.7799932659999613E+000   1.1167827062961801E+000   3.9738594618377574E+000   1.3334958165468852E-001
9.5475781629478894E+006   1.7999931795554958E+000   1.1363952754467552E+000   3.9780622834165342E+000   1.3475022307242371E-001
9.2666248194375802E+006   1.8199931022551938E+000   1.1559806709261098E+000   3.9821905467362111E+000   1.3628639417274593E-001
9.0444167122424040E+006   1.8399930040131802E+000   1.1744691367147266E+000   3.9861424419781488E+000   1.3762683658317920E-001
8.9329179308085013E+006   1.8599928579629670E+000   1.1911620213907239E+000   3.9897874981162640E+000   1.3868316664494737E-001
8.6025033201384991E+006   1.8799928172820013E+000   1.2110858271851856E+000   3.9938478734065650E+000   1.4052431896157691E-001
8.4851287424891945E+006   1.8999926785845127E+000   1.2277119135703827E+000   3.9973923326147220E+000   1.4174844373786119E-001
8.1969811851179171E+006   1.9199926282466182E+000   1.2467153070865293E+000   4.0012621530460288E+000   1.4351049963331999E-001
8.0556552098890906E+006   1.9399925062695196E+000   1.2635095161336289E+000   4.0047549955555599E+000   1.4492191913780794E-001
7.8054756437888555E+006   1.9599924463569540E+000   1.2817360783664982E+000   4.0084427118513934E+000   1.4665976766257593E-001
7.6907814112687232E+006   1.9799923152056145E+000   1.2980107140286021E+000   4.0117758211224563E+000   1.4813086695150190E-001
7.5248734801724423E+006   1.9999922152531255E+000   1.3148901060498064E+000   4.0152047010109548E+000   1.4971280318510741E-001
7.2736775388740683E+006   2.0199921702519519E+000   1.3326507074105785E+000   4.0187458681210071E+000   1.5151076964538951E-001
7.1345021289810101E+006   2.0399920616678640E+000   1.3489038853133115E+000   4.0220181707854712E+000   1.5309275326782729E-001
7.0002358667798787E+006   2.0599919522077910E+000   1.3650758605537081E+000   4.0252289030803876E+000   1.5475727629819269E-001
6.8610980585861327E+006   2.0799918485855833E+000   1.3812114277202108E+000   4.0284328291157934E+000   1.5641720781063131E-001
6.7834159193637092E+006   2.0999917056084740E+000   1.3968589449570239E+000   4.0315088678442379E+000   1.5808888897214921E-001
6.4982383730499092E+006   2.1199917096746832E+000   1.4138513172766800E+000   4.0348557951247512E+000   1.5989122057095212E-001
6.3656185971655538E+006   2.1399916118036213E+000   1.4294629568058441E+000   4.0379149255204050E+000   1.6157877954422500E-001
6.2443687115038205E+006   2.1599915082107697E+000   1.4449335803421430E+000   4.0409282591995161E+000   1.6328742395415277E-001
6.1544966605745936E+006   2.1799913827920667E+000   1.4600800834466245E+000   4.0438699005270911E+000   1.6497739285124391E-001
6.1131567269274052E+006   2.1999912200148271E+000   1.4750435961286557E+000   4.0467469714633095E+000   1.6670500731982213E-001
5.9830380812846031E+006   2.2199911292354391E+000   1.4902054312901731E+000   4.0496750001115061E+000   1.6842986760418791E-001
5.8543242687174790E+006   2.2399910407063865E+000   1.5051837628154032E+000   4.0525517472805044E+000   1.7016553902880624E-001
5.7322111841353988E+006   2.2599909495308546E+000   1.5200435479242715E+000   4.0554017290647772E+000   1.7189546801469324E-001
5.5277551576648885E+006   2.2799909356070405E+000   1.5350336864542709E+000   4.0582600417662817E+000   1.7367391187668607E-001
5.3950318647163445E+006   2.2999908632468156E+000   1.5496677047353085E+000   4.0610503982564436E+000   1.7541020803688062E-001
5.3569150018677907E+006   2.3199907051577027E+000   1.5638399249725261E+000   4.0637172312564971E+000   1.7716265215538152E-001
5.2370719746064935E+006   2.3399906259435226E+000   1.5781475996447480E+000   4.0664256297334758E+000   1.7889969253753552E-001
5.1137959719711905E+006   2.3599905541793786E+000   1.5922492466603864E+000   4.0690860193453178E+000   1.8062973682167166E-001
5.0079573144442923E+006   2.3799904686720437E+000   1.6062915649767857E+000   4.0717372117269921E+000   1.8234851121652146E-001
4.8819746159197493E+006   2.3999904070771665E+000   1.6201686649503233E+000   4.0743311758680676E+000   1.8409913292114011E-001
4.8305389727315046E+006   2.4199902693747024E+000   1.6337888829349112E+000   4.0768697171335626E+000   1.8583215938244449E-001
4.7146917551594963E+006   2.4399902040111563E+000   1.6474569678945370E+000   4.0794171024588115E+000   1.8757143121175854E-001
4.6085344868963724E+006   2.4599901318743469E+000   1.6609987680775873E+000   4.0819394431703344E+000   1.8929764988023837E-001
4.5892349687935235E+006   2.4799899610738465E+000   1.6741556655585164E+000   4.0843716062281796E+000   1.9101177250501220E-001
4.4733168238991164E+006   2.4999899057179369E+000   1.6874035753475130E+000   4.0868218102140883E+000   1.9273531942769365E-001
4.3038644369554147E+006   2.5199899216740591E+000   1.7008221828259882E+000   4.0893175183225017E+000   1.9445320695010282E-001
4.2072666139650894E+006   2.5399898536635042E+000   1.7139064590571638E+000   4.0917366377497935E+000   1.9615710621110807E-001
4.1850822565094396E+006   2.5599896913872904E+000   1.7264314040930926E+000   4.0940253178191339E+000   1.9784221859039217E-001
4.1704803103179689E+006   2.5799895177895240E+000   1.7391042318528169E+000   4.0963306600811897E+000   1.9956794794614252E-001
4.0442084858217770E+006   2.5999894970341977E+000   1.7517551555098894E+000   4.0986535883217332E+000   2.0124755329359215E-001
3.9082112700322308E+006   2.6199894963043997E+000   1.7645083502804508E+000   4.1010081453096294E+000   2.0291503670308042E-001
3.8223681536896359E+006   2.6399894298835829E+000   1.7770962544538911E+000   4.1033026332270950E+000   2.0462001295486826E-001
3.7874347999721798E+006   2.6599892912003651E+000   1.7891077794351229E+000   4.1054791347482675E+000   2.0627277240313918E-001
3.7190300515083112E+006   2.6799892040941069E+000   1.8012767187580174E+000   4.1076924020142922E+000   2.0793070753253684E-001
3.6850995886942460E+006   2.6999890654610144E+000   1.8132763612423757E+000   4.1098584094294273E+000   2.0959851394444665E-001
3.6439150263372422E+006   2.7199889385921843E+000   1.8252455863796564E+000   4.1120228368435736E+000   2.1125427168479294E-001
3.5091159794942257E+006   2.7399889656209075E+000   1.8373459139493833E+000   4.1142291720598543E+000   2.1289176503709564E-001
3.4609233902904601E+006   2.7599888561779040E+000   1.8491608903571020E+000   4.1163529992660335E+000   2.1455159882859728E-001
3.3682973378377524E+006   2.7799888244154149E+000   1.8610346055451448E+000   4.1185060665258355E+000   2.1618232190301531E-001
3.2993678368634288E+006   2.7999887556705425E+000   1.8727914442555300E+000   4.1206149894937409E+000   2.1784289532239726E-001
2.8583199580689888E+006   2.9999877312232361E+000   1.9833659817560139E+000   4.1402739870697971E+000   2.3381216892052714E-001
2.3907814622041266E+006   3.1999869840100215E+000   2.0867614473925027E+000   4.1584919852144759E+000   2.4907390544941407E-001
2.0651676021992725E+006   3.3999860870690366E+000   2.1827284132900546E+000   4.1751936195877493E+000   2.6365411965164215E-001
1.7800479861765192E+006   3.5999852552542455E+000   2.2728968234151412E+000   4.1907719181101966E+000   2.7758172766929134E-001
1.5797743599000580E+006   3.7999842618887443E+000   2.3568305493016699E+000   4.2051180610754715E+000   2.9085630468200491E-001
1.3845202849995738E+006   3.9999834006338606E+000   2.4365844176987079E+000   4.2187031288553154E+000   3.0356310332083747E-001
1.2425088813276859E+006   4.1999823867153454E+000   2.5117413125661048E+000   4.2314194130977496E+000   3.1570898226966754E-001
1.1149192346484768E+006   4.3999814096112253E+000   2.5828931965122242E+000   4.2433874896386232E+000   3.2734877116097827E-001
1.0065299987463217E+006   4.5999803794892493E+000   2.6502875450171075E+000   4.2546542559536142E+000   3.3851241278343885E-001
9.2096600271995983E+005   4.7999792708956202E+000   2.7144925265068585E+000   4.2653486614194565E+000   3.4922609259662929E-001
8.2115176631818642E+005   4.9999784308012849E+000   2.7762060203641536E+000   4.2756344431507864E+000   3.5951127606261740E-001
7.6039224668407382E+005   5.1999772694552888E+000   2.8346238154228875E+000   4.2852499453016639E+000   3.6948916929022868E-001
6.8903749043180060E+005   5.3999763485040031E+000   2.8910020712760138E+000   4.2945672667495112E+000   3.7904365432109799E-001
6.3533808523055329E+005   5.5999752917069845E+000   2.9448109495244661E+000   4.3033962454894157E+000   3.8829013596551587E-001
5.7859101658686437E+005   5.7999743867176488E+000   2.9967201947375517E+000   4.3119086417628125E+000   3.9721996602526422E-001
5.4629954545861343E+005   5.9999731388843358E+000   3.0460711538256411E+000   4.3199305935762187E+000   4.0585154194249762E-001
5.0918752433656069E+005   6.1999720543746317E+000   3.0937936294222372E+000   4.3276859306706186E+000   4.1420210555199399E-001
4.6199028494623385E+005   6.3999712838230911E+000   3.1404721112980583E+000   4.3353038705825426E+000   4.2230546666605767E-001
4.2901740267866530E+005   6.5999703010322728E+000   3.1850678115143469E+000   4.3425283542316171E+000   4.3015434947605224E-001
4.0418668833212706E+005   6.7999691819901242E+000   3.2278424815656011E+000   4.3494190529414727E+000   4.3776028708196829E-001
3.7842417696993751E+005   6.9999681580045605E+000   3.2694095046457723E+000   4.3561134544789022E+000   4.4515499554719612E-001
3.6104265240229300E+005   7.1999669498551437E+000   3.3092597068915657E+000   4.3624870483450238E+000   4.5233290893784789E-001
3.3819873848775140E+005   7.3999659695787550E+000   3.3482676535239135E+000   4.3687479395083519E+000   4.5931509992736630E-001
3.2095869630500372E+005   7.5999648487052918E+000   3.3858899119451134E+000   4.3747556518765798E+000   4.6611080440151043E-001
3.0411009602982533E+005   7.7999637824776844E+000   3.4224142119647012E+000   4.3805724353490216E+000   4.7273938746642069E-001
2.8143443571341940E+005   7.9999630325321505E+000   3.4584262386542832E+000   4.3863516469023924E+000   4.7918697770447050E-001
2.2270643180725418E+005   8.9999539230145409E+000   3.6212704852971709E+000   4.4121017508588407E+000   5.0910889311301721E-001
1.7131924801455857E+005   9.9996103755437531E+000   3.7646098115050650E+000   4.4346866990533282E+000   5.3560865982799077E-001
1.4588930451006140E+005   1.0999496336025498E+001   3.8910321433878581E+000   4.4542849127091637E+000   5.5962339845771558E-001
1.2323708329555146E+005   1.1999350357396420E+001   4.0051580419875474E+000   4.4718738957807380E+000   5.8150838161441043E-001
1.0374135789574197E+005   1.2999179479367719E+001   4.1086163110730247E+000   4.4877709633356089E+000   6.0144338104740791E-001
9.3014627753500696E+004   1.3998971281311668E+001   4.2018009232860507E+000   4.5018563401169516E+000   6.1986493359123462E-001
8.4441753952473882E+004   1.4998727530380130E+001   4.2872686494810575E+000   4.5146649796941878E+000   6.3698151753426679E-001
7.7103945796368120E+004   1.5998450445482741E+001   4.3660204247215786E+000   4.5263853127508282E+000   6.5291673904124514E-001
6.8927563624631992E+004   1.6998151133938336E+001   4.4394120227358700E+000   4.5372576418004043E+000   6.6786787994924024E-001
6.1922517207303230E+004   1.7997820968064413E+001   4.5075958409861245E+000   4.5473057458337367E+000   6.8186358100770161E-001
5.9278939141097719E+004   1.8997411977259642E+001   4.5703074591412474E+000   4.5563685073335138E+000   6.9509386708570930E-001
5.2785383414027317E+004   1.9997035596187327E+001   4.6301414593283665E+000   4.5650917007216281E+000   7.0756448040304154E-001
4.8335395220661791E+004   2.1996028077753149E+001   4.7372151390749035E+000   4.5803249845299296E+000   7.3063475265970634E-001
4.2589575897034498E+004   2.3994931002696656E+001   4.8333031644658098E+000   4.5938535222838661E+000   7.5162168984728583E-001
3.7899515922912549E+004   2.5993691371052503E+001   4.9196630610487304E+000   4.6058184797008117E+000   7.7087172330485498E-001
3.4550422401822725E+004   2.7992269608352014E+001   4.9977317238536321E+000   4.6164535752285936E+000   7.8863586365174265E-001
3.1870925381535188E+004   2.9990670063354571E+001   5.0688735009144850E+000   4.6259495550243228E+000   8.0521479259070949E-001
2.9924715328515125E+004   3.1988936883192661E+001   5.1339417479765777E+000   4.6344744815166559E+000   8.2069906313709018E-001
2.7940454803419816E+004   3.3987108787181910E+001   5.1941405813697870E+000   4.6422386028202878E+000   8.3527023722643068E-001
2.6225773688629903E+004   3.5985212596008196E+001   5.2499492581842535E+000   4.6493145229747137E+000   8.4902273532481298E-001
2.4632971449943110E+004   3.7983351532195655E+001   5.3019527033982570E+000   4.6558502355233546E+000   8.6195303283453317E-001
2.3763720858900451E+004   3.9981312163636467E+001   5.3502267031506845E+000   4.6617894912685696E+000   8.7421152122031676E-001
2.1530210185479551E+004   4.4976736026614546E+001   5.4586381532728341E+000   4.6748498985078308E+000   9.0229643180286800E-001
2.0580245071031262E+004   4.9972130890732394E+001   5.5524104834283277E+000   4.6856656977130280E+000   9.2755099847022215E-001
1.8757019021466138E+004   5.4968536889580548E+001   5.6350848054535128E+000   4.6950164343977807E+000   9.5018668611330814E-001
1.6861588665182077E+004   5.9965435528914902E+001   5.7087432878660351E+000   4.7031519767274288E+000   9.7074484266027405E-001
1.6839359337153197E+004   6.4960504843215205E+001   5.7739164247200883E+000   4.7100151348549133E+000   9.8960509483232961E-001
1.6110038514782644E+004   6.9956804364080241E+001   5.8334773134789222E+000   4.7161702098271814E+000   1.0070753892672129E+000
1.5187733129945520E+004   7.4955035875702663E+001   5.8879514958655994E+000   4.7217149344585758E+000   1.0232230311977626E+000
1.3347190214992337E+004   7.9955607441469198E+001   5.9385246616145775E+000   4.7268931502400040E+000   1.0381531825093944E+000
1.3704886205179899E+004   8.4950002384694471E+001   5.9842154329415980E+000   4.7312387248695256E+000   1.0523074189138628E+000
1.2007293762960675E+004   8.9949265993031887E+001   6.0276623565559513E+000   4.7354748318942246E+000   1.0655586666716388E+000
1.1711511115356278E+004   9.4945143311376881E+001   6.0674927560437029E+000   4.7391556351450035E+000   1.0781122599139576E+000
1.1189773044638634E+004   9.9942296321089600E+001   6.1049676815762677E+000   4.7424939316839207E+000   1.0901731296024053E+000
1.0726135415921432E+004   1.0493990213861875E+002   6.1401652053322833E+000   4.7455478110927984E+000   1.1016641326626584E+000
1.0267485472449396E+004   1.0993881894004519E+002   6.1733360073577543E+000   4.7483754623792152E+000   1.1125942311025609E+000
9.8834926151467280E+003   1.1493848043228900E+002   6.2046947417132765E+000   4.7509697521601506E+000   1.1230850187184507E+000
9.6285220137979977E+003   1.1993882766362866E+002   6.2343548401227782E+000   4.7533645150990402E+000   1.1331255420454229E+000
9.5249286747971855E+003   1.2493346040547893E+002   6.2624523748130994E+000   4.7555524266451865E+000   1.1427984862982892E+000
9.1011396757813582E+003   1.2993001880388576E+002   6.2893717331539776E+000   4.7575940424331815E+000   1.1521749338927390E+000
8.9059627377808429E+003   1.3492552204074678E+002   6.3149496910338838E+000   4.7594754746007366E+000   1.1612010484975821E+000
8.1749420856168745E+003   1.3992494084708918E+002   6.3396345440198054E+000   4.7612984487681667E+000   1.1698975266556826E+000
7.8728516644338215E+003   1.4492221564825459E+002   6.3631084817071706E+000   4.7630067016920066E+000   1.1782179896516849E+000
7.2203872654387069E+003   1.4992379993651821E+002   6.3857480566537204E+000   4.7647208157191070E+000   1.1861095490707603E+000
6.9226032963442922E+003   1.7491042211287998E+002   6.4857752095469028E+000   4.7717001937803145E+000   1.2221643693949351E+000
6.1206450605334103E+003   1.9990186971311098E+002   6.5702603130367834E+000   4.7770581841333541E+000   1.2536909404337979E+000
6.0341770455188525E+003   2.2488369498782720E+002   6.6427921565129564E+000   4.7813053737253934E+000   1.2814624829878041E+000
5.8282772729403778E+003   2.4986860698360783E+002   6.7063306776831846E+000   4.7847514709415284E+000   1.3063395491406486E+000
5.3576775486412434E+003   2.7485898159755010E+002   6.7630650870342377E+000   4.7876506315839480E+000   1.3289084325313363E+000
5.2326261821694270E+003   2.9984279827359961E+002   6.8139540570902355E+000   4.7900886415562605E+000   1.3494768976147098E+000
