0.448703320000000E+08   1.000000   -0.137140   3.754540
0.914977402225570E+07   2.000000   1.208899   3.972774
0.285885871879294E+07   3.000000   1.898976   4.104477
0.142938406265219E+07   4.000000   2.365394   4.186443
0.833150100617788E+06   5.000000   2.712744   4.247069
0.401597409442920E+06   6.999998   3.220316   4.332096
0.249435367560152E+06   8.999972   3.584321   4.391638
0.168188495716320E+06   11.999677   3.977491   4.456053
0.117777499809661E+06   14.998921   4.266387   4.501169
0.780577850214634E+05   19.998014   4.614872   4.553253
0.597345415896223E+05   24.995360   4.865990   4.588704
0.433843317240904E+05   31.990361   5.125097   4.623051
0.364481067198589E+05   39.981525   5.343182   4.649728
0.283734131738995E+05   59.949995   5.703098   4.689020
0.231027254807144E+05   84.901607   5.980312   4.713497
0.747838870000000E+08   0.800000   -0.589990   3.688430
0.448703320000000E+08   0.900000   -0.355090   3.724580
0.189357242436129E+05   119.827960   6.231065   4.729690
0.274994770000000E+08   1.100000   0.064670   3.779490
0.274282580000000E+08   1.250000   0.295370   3.804010
0.208767423847401E+08   1.350000   0.459878   3.824326
0.159874477923310E+08   1.500000   0.673904   3.856430
0.134500007713107E+08   1.700000   0.913744   3.909891
0.486703951964920E+07   2.500000   1.596045   4.048683
