1.5541702667516170E+009   9.9999756568112955E-002   -3.0026611571356763E+000   3.4602350695690691E+000   -8.9912356552386186E-001
9.1537132942416632E+008   1.4999964225845761E-001   -2.5672512195174795E+000   3.4951164370769439E+000   -7.5118133173051349E-001
7.7252512607274997E+008   1.9999951899003063E-001   -2.3245527967880149E+000   3.5090492785219736E+000   -6.5769780325584060E-001
6.0534920916391265E+008   2.4999941540591725E-001   -2.1386908045765303E+000   3.5211996000052741E+000   -5.8906745011670036E-001
1.8583337073404604E+008   3.6999927756407025E-001   -1.7729902361508845E+000   3.5504958188689120E+000   -4.6480960363115270E-001
1.8060599104732421E+008   3.7999925689333097E-001   -1.7444102405986943E+000   3.5526589884667867E+000   -4.5484594505080567E-001
1.7702535805659705E+008   3.8999923520797841E-001   -1.7161508327050634E+000   3.5547960034516581E+000   -4.4499027107373512E-001
1.7662039450375527E+008   3.9999921080382894E-001   -1.6889412934709562E+000   3.5568775009720710E+000   -4.3554849649750627E-001
1.6848358788753819E+008   4.4999908737971928E-001   -1.5478003385179147E+000   3.5678542865666927E+000   -3.8693159021022921E-001
1.5739112553226164E+008   4.9999895386355092E-001   -1.4045066009213842E+000   3.5799525476766854E+000   -3.3948124363194759E-001
1.4307398935285199E+008   5.4999881150057450E-001   -1.2649538369290865E+000   3.5930220007689977E+000   -2.9584376782042526E-001
1.3336814875628631E+008   5.9999864672385017E-001   -1.1301289843017015E+000   3.6071866474828571E+000   -2.5676063493445028E-001
1.0884259366492096E+008   6.4999852082132314E-001   -9.8502644742839141E-001   3.6263391533957909E+000   -2.2251437832366483E-001
8.8058384924864039E+007   6.9999840176151040E-001   -8.3889870353863460E-001   3.6495304488592102E+000   -1.9583309730562370E-001
7.6474667608582705E+007   7.4999825157041999E-001   -7.0204726291745967E-001   3.6721198217987210E+000   -1.7258612287405892E-001
6.6851297182164155E+007   7.9999809504491803E-001   -5.7111285088390218E-001   3.6934759596154318E+000   -1.4983119249070151E-001
6.0032651930831678E+007   8.4999791555262505E-001   -4.4784373324756183E-001   3.7126906596366505E+000   -1.2662603371496722E-001
5.2684998374181151E+007   8.9999774800550780E-001   -3.3276795532244163E-001   3.7295926691076353E+000   -1.0289216369437719E-001
4.9881203954163648E+007   9.1999768250887881E-001   -2.8898512889595135E-001   3.7356978827439020E+000   -9.3211177753666108E-002
4.8635701257769302E+007   9.3999758914894482E-001   -2.4725111429173172E-001   3.7412569753131253E+000   -8.3462355590003839E-002
4.6136219603320487E+007   9.5999752062811172E-001   -2.0607193703365490E-001   3.7466350741716008E+000   -7.3628964677915743E-002
4.3152384737898752E+007   9.7999746700881063E-001   -1.6552530946239383E-001   3.7518067465450229E+000   -6.3698995639129161E-002
4.1873472329859912E+007   9.9999737427168323E-001   -1.2720857719025233E-001   3.7564122142630496E+000   -5.3751564939111124E-002
3.9918275370039143E+007   1.0199973000868279E+000   -8.9181101328865919E-002   3.7609007727554835E+000   -4.3714943993285321E-002
3.7163245678722277E+007   1.0399972541512261E+000   -5.1499280910153225E-002   3.7653342920225095E+000   -3.3741072317981360E-002
3.5315011783641614E+007   1.0599971849217065E+000   -1.5194100303868561E-002   3.7693818717336227E+000   -2.3683641437065847E-002
3.3063729696230814E+007   1.0799971351098672E+000   2.1063751251975828E-002   3.7734419128771259E+000   -1.3674797946149796E-002
3.1744724945109151E+007   1.0999970545381201E+000   5.5535279222205906E-002   3.7770791750272590E+000   -3.7135582613012537E-003
3.0239767993919306E+007   1.1199969841029913E+000   8.9624888112448120E-002   3.7806505459867870E+000   6.1885042647637960E-003
2.8509891416293699E+007   1.1399969289645568E+000   1.2355109785417076E-001   3.7842052285515835E+000   1.6042244006032696E-002
2.7037801684742905E+007   1.1599968669845866E+000   1.5670583051786632E-001   3.7876072593894401E+000   2.5815548662166371E-002
2.5888369194364995E+007   1.1799967921712686E+000   1.8866359148110590E-001   3.7908034372359691E+000   3.5402073450728787E-002
2.5083057980615221E+007   1.1999966998432845E+000   2.1998495982563132E-001   3.7938335258186178E+000   4.5002580457694417E-002
2.3980263978816304E+007   1.2199966284995414E+000   2.5109156413747619E-001   3.7968964321746563E+000   5.4430069901539015E-002
2.2661295361362852E+007   1.2399965765287073E+000   2.8184494519635961E-001   3.7999752446693713E+000   6.3649135441551957E-002
2.1704171771629225E+007   1.2599965048145096E+000   3.1186661067428761E-001   3.8029029037886812E+000   7.2804649941894395E-002
2.0791925443100408E+007   1.2799964333917255E+000   3.4149341112297882E-001   3.8057968494728645E+000   8.1830158797874322E-002
2.0090062232029848E+007   1.2999963479135319E+000   3.7021516143475125E-001   3.8085554565266668E+000   9.0673819846155523E-002
1.9177108447928090E+007   1.3199962849623958E+000   3.9909050330209667E-001   3.8114027613425709E+000   9.9416881148020456E-002
1.8621198803650741E+007   1.3399961917211418E+000   4.2695355029075871E-001   3.8140770146260805E+000   1.0799989807533245E-001
1.7736502131259643E+007   1.3599961358461510E+000   4.5496452354427136E-001   3.8168812977013649E+000   1.1639681855152009E-001
1.7100256123727158E+007   1.3799960577050425E+000   4.8222382072620612E-001   3.8195801390100432E+000   1.2462878452513133E-001
1.6505424653531050E+007   1.3999959787696765E+000   5.0893650022574244E-001   3.8222560842365203E+000   1.3263323382194439E-001
1.6014846324838134E+007   1.4199958892638873E+000   5.3525706486100977E-001   3.8249239565063138E+000   1.4045777159999082E-001
1.5340255276086902E+007   1.4399958286596499E+000   5.6172400474759554E-001   3.8276668999447980E+000   1.4820535466631535E-001
1.4992957917057427E+007   1.4599957249027609E+000   5.8721688501437430E-001   3.8303506411041575E+000   1.5558431248098542E-001
1.4452333890282283E+007   1.4799956531827985E+000   6.1231119249275967E-001   3.8330837969163323E+000   1.6266515459582903E-001
1.3900541102261076E+007   1.4999955882634859E+000   6.3754675071742795E-001   3.8359125216898713E+000   1.6962548416108428E-001
1.7186341746854499E+007   1.5199947396521487E+000   7.6374843010818827E-001   3.8662532166082162E+000   1.7204493401977555E-001
1.6527374181206226E+007   1.5399946678613634E+000   7.9101107456063124E-001   3.8714872829237934E+000   1.7520812361484303E-001
1.6082231756358076E+007   1.5599945521511756E+000   8.1838682477018498E-001   3.8781498530458345E+000   1.7557085847553772E-001
1.5614519805099223E+007   1.5799944483645669E+000   8.4459572939298599E-001   3.8843660196562464E+000   1.7624297756611412E-001
1.5100874861456562E+007   1.5999943640481122E+000   8.7030607266800841E-001   3.8899676816024313E+000   1.7789482531125583E-001
1.4647207868643738E+007   1.6199942702856964E+000   8.9525705723563698E-001   3.8957057197550289E+000   1.7889424128987411E-001
1.4163238521871526E+007   1.6399941926327211E+000   9.2014570422141073E-001   3.9009743327717006E+000   1.8080133874941798E-001
1.3770353155200221E+007   1.6599940929327346E+000   9.4371795728719121E-001   3.9066147899933266E+000   1.8130655083905622E-001
1.3457349728610933E+007   1.6799939733589304E+000   9.6565605290178902E-001   3.9123987924351225E+000   1.8070759376276452E-001
1.3040156293944955E+007   1.6999938942159336E+000   9.8901454504233055E-001   3.9173575886254515E+000   1.8246924745237611E-001
1.2745043435481831E+007   1.7199937770030380E+000   1.0093869258767354E+000   3.9227028378839965E+000   1.8196493935248781E-001
1.2409474912937175E+007   1.7399936783046666E+000   1.0303148179665271E+000   3.9276721893457114E+000   1.8249018247395482E-001
1.2126770674902363E+007   1.7599935644070965E+000   1.0493955771509984E+000   3.9325560842592462E+000   1.8226277223911949E-001
1.1858115935014769E+007   1.7799934487333235E+000   1.0675341682154558E+000   3.9372311450523956E+000   1.8198194618505004E-001
1.1498703118957236E+007   1.7999933742677721E+000   1.0890304436613356E+000   3.9416618381758055E+000   1.8386869766117112E-001
1.1224646785168868E+007   1.8199932700834620E+000   1.1074613229666863E+000   3.9460337824991871E+000   1.8434024866708343E-001
1.0981755021983372E+007   1.8399931556883242E+000   1.1240182470718851E+000   3.9502125979870879E+000   1.8426107974387937E-001
1.0741170523298252E+007   1.8599930442252168E+000   1.1406300792617377E+000   3.9542277518383497E+000   1.8453668813628230E-001
1.0471249905515091E+007   1.8799929505762858E+000   1.1586947171988244E+000   3.9582046913757414E+000   1.8561512803004346E-001
1.0212793765714632E+007   1.8999928559456611E+000   1.1763456581604457E+000   3.9621039822453250E+000   1.8664201677168735E-001
1.0014140356386943E+007   1.9199927360003213E+000   1.1909751515559803E+000   3.9656763655992422E+000   1.8681199676162055E-001
9.7500404064230174E+006   1.9399926528905320E+000   1.2093465037398288E+000   3.9694662876322950E+000   1.8841782878743848E-001
9.5220945975842010E+006   1.9599925563797935E+000   1.2261527367609530E+000   3.9730860350273356E+000   1.8958145050791897E-001
9.2874601793078184E+006   1.9799924671891505E+000   1.2432604926680593E+000   3.9766737940994021E+000   1.9095981031733839E-001
9.0371407320077270E+006   1.9999923921711402E+000   1.2618597533096243E+000   3.9803708448793107E+000   1.9286533907830480E-001
8.8300341714004297E+006   2.0199922969548125E+000   1.2778708949675299E+000   3.9837608710948866E+000   1.9409085747610511E-001
8.6855984922062643E+006   2.0399921680055018E+000   1.2904243200203178E+000   3.9867112167927061E+000   1.9446687860686099E-001
8.4613987042969484E+006   2.0599920909597502E+000   1.3080142844241707E+000   3.9901925658627748E+000   1.9629916266864963E-001
8.2775300958933178E+006   2.0799919932566122E+000   1.3233871432733515E+000   3.9933780451236727E+000   1.9761463357144415E-001
8.0709482279742314E+006   2.0999919143086854E+000   1.3404214873128544E+000   3.9967254500920522E+000   1.9943699565443665E-001
7.9325784148478378E+006   2.1199917941098176E+000   1.3535424800696514E+000   3.9995666133383820E+000   2.0031516554017617E-001
7.7337086110744234E+006   2.1399917183800499E+000   1.3702999226434209E+000   4.0028252384629281E+000   2.0217663657796733E-001
7.5982352650837293E+006   2.1599916017512579E+000   1.3836138223938481E+000   4.0056072659193678E+000   2.0326953154030097E-001
7.3831845727612069E+006   2.1799915473613161E+000   1.4019026536529200E+000   4.0090496521486507E+000   2.0552917471127147E-001
7.2678752335235346E+006   2.1999914220917454E+000   1.4142817760664352E+000   4.0116599284255665E+000   2.0649818336419778E-001
7.1038601873887368E+006   2.2199913370769768E+000   1.4295967759941732E+000   4.0146213463225759E+000   2.0823284753404858E-001
6.9987781598401926E+006   2.2399912092317780E+000   1.4421624809839473E+000   4.0171968307735231E+000   2.0936473112704068E-001
6.8745938031170620E+006   2.2599910986361067E+000   1.4559995816456288E+000   4.0199248938647756E+000   2.1082715527537696E-001
6.7008627958040470E+006   2.2799910327429047E+000   1.4718511731660828E+000   4.0229303263022045E+000   2.1274208616074600E-001
6.5363312609670823E+006   2.2999909645226397E+000   1.4876898818442066E+000   4.0259386646492574E+000   2.1464476380570247E-001
6.4664024011293789E+006   2.3199908159005114E+000   1.4991684672265269E+000   4.0282370909907481E+000   2.1578720381388039E-001
6.2658580084303832E+006   2.3399907883171998E+000   1.5164855841010474E+000   4.0314408429146518E+000   2.1803825840333310E-001
6.1891438979936475E+006   2.3599906496307312E+000   1.5283397399572725E+000   4.0337723337567226E+000   2.1930235464730460E-001
6.0518150256804042E+006   2.3799905717444174E+000   1.5429595194117727E+000   4.0365426213892084E+000   2.2107166910958270E-001
5.9102187682350185E+006   2.3999905025059638E+000   1.5577782342508024E+000   4.0393265103580198E+000   2.2291324859147407E-001
5.8588699792411970E+006   2.4199903445513078E+000   1.5690794187499055E+000   4.0415209825040392E+000   2.2417489654898806E-001
5.7458666032392494E+006   2.4399902511702760E+000   1.5829041200759633E+000   4.0441304571320069E+000   2.2586829795608168E-001
5.6372901014100760E+006   2.4599901569025895E+000   1.5963867385894277E+000   4.0466541304774513E+000   2.2756226052192535E-001
5.4946197565124454E+006   2.4799901047447737E+000   1.6108953746745611E+000   4.0493804343494535E+000   2.2936397082048773E-001
5.4216164761446146E+006   2.4999899770220719E+000   1.6233351778908680E+000   4.0517054679182163E+000   2.3093380529111388E-001
5.3336120086333780E+006   2.5199898685985662E+000   1.6363272428756555E+000   4.0541367024378729E+000   2.3256736874419534E-001
5.1979012390752966E+006   2.5399898198004349E+000   1.6503031703691995E+000   4.0567274730392109E+000   2.3437379128829167E-001
5.0949540835404536E+006   2.5599897359011594E+000   1.6634664827982817E+000   4.0591721533908673E+000   2.3606608679951949E-001
5.0200740804454787E+006   2.5799896202361730E+000   1.6759471063449889E+000   4.0614914672145659E+000   2.3766777092547525E-001
4.8753393453867845E+006   2.5999895982943446E+000   1.6903517998207160E+000   4.0641529518840445E+000   2.3954714832438218E-001
4.8306288201899724E+006   2.6199894481826331E+000   1.7016191946124821E+000   4.0662461691862815E+000   2.4099441111579098E-001
4.7430957514974251E+006   2.6399893578943927E+000   1.7143143461782020E+000   4.0685961843960055E+000   2.4264195647920322E-001
4.6354523895456837E+006   2.6599892975220771E+000   1.7274289151011819E+000   4.0710082101001630E+000   2.4437518953237847E-001
4.5979488852224955E+006   2.6799891412538011E+000   1.7387693836718980E+000   4.0731066493585137E+000   2.4584854530103525E-001
4.5025487010897417E+006   2.6999890715701103E+000   1.7513543665756934E+000   4.0754060104552385E+000   2.4754231455948297E-001
4.4094234745341903E+006   2.7199890009321503E+000   1.7639013986189958E+000   4.0777114314549552E+000   2.4920498858170012E-001
4.2950501499640457E+006   2.7399889679625056E+000   1.7771762947126015E+000   4.0801608709635708E+000   2.5094355761127346E-001
4.2305492495974666E+006   2.7599888612694641E+000   1.7887987193447832E+000   4.0822923727837468E+000   2.5249176628701192E-001
4.2258566178024951E+006   2.7799886604479713E+000   1.7992807199658820E+000   4.0841746917625477E+000   2.5396812863995893E-001
4.1514615883594658E+006   2.7999885714333015E+000   1.8111036435346035E+000   4.0863355829081778E+000   2.5555780813305884E-001
3.4821712212518179E+006   2.9999877220568365E+000   1.9253634361163512E+000   4.1070809762863609E+000   2.7119691766756809E-001
2.9915702408734947E+006   3.1999867693754478E+000   2.0307329085331358E+000   4.1259604647075676E+000   2.8612267703354655E-001
2.5537299582958268E+006   3.3999859289914349E+000   2.1295080355578908E+000   4.1435574304107279E+000   3.0031630913960372E-001
2.2175314088161406E+006   3.5999850098749850E+000   2.2217326720260608E+000   4.1598348526741686E+000   3.1387378284680689E-001
1.9505967448390319E+006   3.7999840299842362E+000   2.3081004696515484E+000   4.1749814642852714E+000   3.2676445843734503E-001
1.7066668399408122E+006   3.9999831506589056E+000   2.3900545590519306E+000   4.1893034798472017E+000   3.3909747201367463E-001
1.5418940161322430E+006   4.1999820137612165E+000   2.4667428051326321E+000   4.2025884060645273E+000   3.5087174261937459E-001
1.3701234347244967E+006   4.3999810831149784E+000   2.5399640641623038E+000   4.2152629717600334E+000   3.6213324074319853E-001
1.2318998864523638E+006   4.5999800687619619E+000   2.6095670710026284E+000   4.2272156511978816E+000   3.7302938528766399E-001
1.1072333226673645E+006   4.7999790636850408E+000   2.6756298087757124E+000   4.2385274654585965E+000   3.8343712565277671E-001
1.0029349410260960E+006   4.9999780170705934E+000   2.7385648759807260E+000   4.2492518780195754E+000   3.9345583413332630E-001
9.1674523832591111E+005   5.1999769059800007E+000   2.7986248337290474E+000   4.2594380509790595E+000   4.0311346708851764E-001
8.2116207488058775E+005   5.3999760565026742E+000   2.8568207434963466E+000   4.2693304878045941E+000   4.1242654832109787E-001
7.4569118434318271E+005   5.5999751092808987E+000   2.9123944606612691E+000   4.2787368405136821E+000   4.2140070148538339E-001
6.8699609764692467E+005   5.7999740234450208E+000   2.9652275043686140E+000   4.2876215389102850E+000   4.3004782654585066E-001
6.3905198947671510E+005   5.9999728551211131E+000   3.0158179572517594E+000   4.2960886979048762E+000   4.3840873499824068E-001
5.8514407440147782E+005   6.1999719103201860E+000   3.0652588452513809E+000   4.3043780770845732E+000   4.4655042063865624E-001
5.3585073150390154E+005   6.3999710021855325E+000   3.1131972868301108E+000   4.3124125882622479E+000   4.5445061907267326E-001
5.0360173654161865E+005   6.5999697915997046E+000   3.1582221137223629E+000   4.3198696004024715E+000   4.6204900823835104E-001
4.6389340924834961E+005   6.7999688879266582E+000   3.2028992721220706E+000   4.3273165798808630E+000   4.6949362848142145E-001
4.3245740836801194E+005   6.9999678402406174E+000   3.2456026702695917E+000   4.3343937301560844E+000   4.7669102700474070E-001
4.1434170384846302E+005   7.1999664724890060E+000   3.2857182746955829E+000   4.3409844816480252E+000   4.8356732623385490E-001
3.7849090677555907E+005   7.3999657547896831E+000   3.3268811168521055E+000   4.3478253864667034E+000   4.9046693767475941E-001
3.6069278223083296E+005   7.5999645162383045E+000   3.3647223014419931E+000   4.3540189938730816E+000   4.9700031515694715E-001
3.3716975744762662E+005   7.7999635569703312E+000   3.4026390795095245E+000   4.3602596209461337E+000   5.0347745004460842E-001
3.1616316273084655E+005   7.9999625943207686E+000   3.4393592932025925E+000   4.3662869910125321E+000   5.0978281675834547E-001
2.4712360405003297E+005   8.9999546340170227E+000   3.6052709029291043E+000   4.3932437461097695E+000   5.3882511142712552E-001
1.8734294821085368E+005   9.9994419207102325E+000   3.7511911383088985E+000   4.4168677987851570E+000   5.6453712376624865E-001
1.5353547246105701E+005   1.0999236521608360E+001   3.8808355903476777E+000   4.4374855601682057E+000   5.8812382701954014E-001
1.2702526689998352E+005   1.1999185775862857E+001   3.9977521851029376E+000   4.4558505503812587E+000   6.0985214397106580E-001
1.0950931677271902E+005   1.2998978120115396E+001   4.1023732751587900E+000   4.4721700554656678E+000   6.2952367883017457E-001
9.7638842306764869E+004   1.3998718074725575E+001   4.1976726632593184E+000   4.4869579334976422E+000   6.4759761681648831E-001
8.5878862036528517E+004   1.4998424911293249E+001   4.2851248963088198E+000   4.5003991291733234E+000   6.6444134198987670E-001
7.6126154798501753E+004   1.5998091136674596E+001   4.3656862378867247E+000   4.5125910026659977E+000   6.8033826579348156E-001
7.0112482742097127E+004   1.6997694669969921E+001   4.4394648848374656E+000   4.5237492674717874E+000   6.9491105965727218E-001
6.2429024618169395E+004   1.7997281839366551E+001   4.5089464257700218E+000   4.5338820138497091E+000   7.0938633736770740E-001
5.8341577445539355E+004   1.8996786563253934E+001   4.5726511882108305E+000   4.5434826365367869E+000   7.2203747321395539E-001
5.4977002740134260E+004   1.9996225522165954E+001   4.6319288606318265E+000   4.5523299697319910E+000   7.3398164303404367E-001
4.6742862969182686E+004   2.1995051102503410E+001   4.7416386115500107E+000   4.5680951462192736E+000   7.5730616551857166E-001
4.2310819362005321E+004   2.3993570360150013E+001   4.8376508607678419E+000   4.5818654309140738E+000   7.7777172073788758E-001
3.8460438921786023E+004   2.5991893757752518E+001   4.9239184955170288E+000   4.5939101371700675E+000   7.9681612560049242E-001
3.4946212344150394E+004   2.7990030997520648E+001   5.0024778490844950E+000   4.6046564070794922E+000   8.1460326256537585E-001
3.2439353201717757E+004   2.9987893610122082E+001   5.0734368922964332E+000   4.6142489918122536E+000   8.3089761470582246E-001
2.9980169403991811E+004   3.1985659201679173E+001   5.1388619737918946E+000   4.6229356530322709E+000   8.4623683301352060E-001
2.8135625234766059E+004   3.3983161782662336E+001   5.1988801843180301E+000   4.6307615019758765E+000   8.6059424038937582E-001
2.6607587525532876E+004   3.5980511424320113E+001   5.2546331542384186E+000   4.6379473057152163E+000   8.7409911787088934E-001
2.5139886985101399E+004   3.7977879247692961E+001   5.3066507856624323E+000   4.6445792327355777E+000   8.8684407954217415E-001
2.3923092099368416E+004   3.9975174714312303E+001   5.3551849136939431E+000   4.6506594461244743E+000   8.9895071678013605E-001
2.1595018799745318E+004   4.4968574362786164E+001   5.4637316599681611E+000   4.6639822044949666E+000   9.2657857317626147E-001
1.9743680253545946E+004   4.9962464270007622E+001   5.5581741828179201E+000   4.6749998978026861E+000   9.5176444798570214E-001
1.8759881362552696E+004   5.4955892775511636E+001   5.6402287611190562E+000   4.6843615211345853E+000   9.7406849047247090E-001
1.7135406010288298E+004   5.9950614416408371E+001   5.7136767657989038E+000   4.6924683560360307E+000   9.9457882300950395E-001
1.7271139544350684E+004   6.4942136293236246E+001   5.7787410218157582E+000   4.6996823577651536E+000   1.0126829475596839E+000
1.5382505558295454E+004   6.9938514676453948E+001   5.8387942868603977E+000   4.7059757886753983E+000   1.0301227182615154E+000
1.4733745111091321E+004   7.4933820495267796E+001   5.8930006479305108E+000   4.7117342947753400E+000   1.0457088865966890E+000
1.3962129107492918E+004   7.9929351977548365E+001   5.9429363192676830E+000   4.7167103670595196E+000   1.0607245776969167E+000
1.3403097260582879E+004   8.4922997230359670E+001   5.9890120134636300E+000   4.7211868736385947E+000   1.0748094116367393E+000
1.3529596389772541E+004   8.9913321575382909E+001   6.0315985079952039E+000   4.7251971199178397E+000   1.0880821663440368E+000
1.2217199113378183E+004   9.4910933229160150E+001   6.0718176592957702E+000   4.7288608896180584E+000   1.1008642025938824E+000
1.1590178002121018E+004   9.9906845063810906E+001   6.1093121142887838E+000   4.7321954585826633E+000   1.1129422921611780E+000
1.2020820905880240E+004   1.0489667938059054E+002   6.1441101194324004E+000   4.7352655834593520E+000   1.1242010449796103E+000
1.0992774258712836E+004   1.0989730322076257E+002   6.1774481171415037E+000   4.7380921935777494E+000   1.1352168235973665E+000
1.0317887181345661E+004   1.1489793293443361E+002   6.2089054958198462E+000   4.7406707348064732E+000   1.1457884304790900E+000
1.0168401847333471E+004   1.1989802298185488E+002   6.2385151463629098E+000   4.7430752203128836E+000   1.1557842847377999E+000
9.9438649399806163E+003   1.2489244448162827E+002   6.2666312570140645E+000   4.7453414519889634E+000   1.1653098767112189E+000
9.3124446649853435E+003   1.2988879862982085E+002   6.2935685427276660E+000   4.7473884299992237E+000   1.1746845635474994E+000
8.6821813014974632E+003   1.3488603042319957E+002   6.3192748892895203E+000   4.7493240662597032E+000   1.1836664643074666E+000
8.3142784778486839E+003   1.3988138287485313E+002   6.3437304066559337E+000   4.7511509305233082E+000   1.1922404944634641E+000
8.6480536428995238E+003   1.4486941805191449E+002   6.3669249281327778E+000   4.7528490845921461E+000   1.2004414470642113E+000
8.2941604626924272E+003   1.4986720797358382E+002   6.3894110180130852E+000   4.7544918905251299E+000   1.2083988801383965E+000
7.1691749552271303E+003   1.7485439715159305E+002   6.4897840164926022E+000   4.7615414125876949E+000   1.2444863352530238E+000
6.7708388492376089E+003   1.9983109979916364E+002   6.5739441402333689E+000   4.7668028862114538E+000   1.2760434498758895E+000
6.9583574333004071E+003   2.2479202848718919E+002   6.6463586742876739E+000   4.7709434056382429E+000   1.3039696780494645E+000
6.3537540623783025E+003   2.4977501579949345E+002   6.7100709390015538E+000   4.7743761453223588E+000   1.3289603310381739E+000
6.1849349552870681E+003   2.7474723432279109E+002   6.7666490844046949E+000   4.7771992103373577E+000   1.3516032737097459E+000
6.0056306829907662E+003   2.9971943591878653E+002   6.8175864128694110E+000   4.7795786070468900E+000   1.3723131445230388E+000
