1.1592990950098300E+009   9.9999719605785312E-002   -2.6776281144404477E+000   3.5863880525881644E+000   -9.8891301021443823E-001
4.6056641811567366E+008   1.4999962218475948E-001   -2.1893502115713406E+000   3.6183502797103699E+000   -8.0869851302429741E-001
3.1581285677367634E+008   1.9999951986821582E-001   -1.9309510432187020E+000   3.6349865312517045E+000   -7.1277143193064640E-001
2.2978849807023057E+008   2.4999943254890719E-001   -1.7646666117563825E+000   3.6402883855652690E+000   -6.4023292482661576E-001
2.0064082015281695E+008   2.9999932587342687E-001   -1.6333246526725498E+000   3.6442252296331885E+000   -5.8243563342053850E-001
1.8886899490074900E+008   3.0999930978239848E-001   -1.6084059466812526E+000   3.6453965179960219E+000   -5.7231885715055653E-001
1.7883530861988413E+008   3.1999929297623675E-001   -1.5841877781239073E+000   3.6465717530448898E+000   -5.6256024296961871E-001
1.7524591152932993E+008   3.2999927077847119E-001   -1.5605969275630189E+000   3.6477627482222648E+000   -5.5314680804392391E-001
1.7676301559256518E+008   3.3999924329687903E-001   -1.5375926228674905E+000   3.6489599556832815E+000   -5.4403907061819423E-001
1.6327912501138705E+008   3.4999923055429660E-001   -1.5150719847484160E+000   3.6501743004045544E+000   -5.3520744100120299E-001
1.7338530120576471E+008   3.5999919306488193E-001   -1.4910923194385577E+000   3.6514111886713283E+000   -5.2569138487982081E-001
1.2837144129886526E+008   3.6999921452579410E-001   -1.4644432149583659E+000   3.6527715551643309E+000   -5.1508756562573121E-001
1.1255294836369842E+008   3.7999920801723952E-001   -1.4388906873214187E+000   3.6542400221728659E+000   -5.0524823582432810E-001
1.1095574900865930E+008   3.8999918413817503E-001   -1.4139729549894664E+000   3.6558485957659621E+000   -4.9600651684454355E-001
1.1139545875325593E+008   3.9999915669468944E-001   -1.3884009477122390E+000   3.6575454791254760E+000   -4.8661427992495776E-001
9.8692250760156035E+007   4.4999903126317409E-001   -1.2483217904425419E+000   3.6685556434213229E+000   -4.3859502988180249E-001
8.3502852781202614E+007   4.9999889767527828E-001   -1.0948308077822149E+000   3.6839699805304669E+000   -3.9267821276992576E-001
6.4153053352758631E+007   5.4999877595896707E-001   -9.3329168483994818E-001   3.7039606006358938E+000   -3.5188989150964783E-001
4.9915625964085467E+007   5.9999864876457953E-001   -7.7355734116826580E-001   3.7247217057786299E+000   -3.1354492995927874E-001
4.0465862177574657E+007   6.4999850783298252E-001   -6.1933692141832375E-001   3.7459546362468918E+000   -2.7890058102083171E-001
3.3327642466349907E+007   6.9999835931046517E-001   -4.7075115251150029E-001   3.7668280801444993E+000   -2.4635458436263469E-001
2.8433249669887580E+007   7.4999819363552744E-001   -3.3029800066469078E-001   3.7862082175671232E+000   -2.1488828328447868E-001
2.4662255327106480E+007   7.9999801392972780E-001   -1.9681993318778390E-001   3.8042728143397500E+000   -1.8427844309127764E-001
2.3294941111950181E+007   8.4999777517066200E-001   -7.2911456059855842E-002   3.8208834797972959E+000   -1.5554553544240557E-001
2.0750742609402068E+007   8.9999755850181140E-001   4.1438278248884720E-002   3.8363935200241865E+000   -1.2939074874181689E-001
2.0268341070496980E+007   9.1999745213164241E-001   8.4759751896058305E-002   3.8423636333856526E+000   -1.1967023864116215E-001
1.8792797832567181E+007   9.3999738706197511E-001   1.2744237412907272E-001   3.8484041349185389E+000   -1.1040993059042771E-001
1.8358341987823378E+007   9.5999727923531819E-001   1.6969692144297935E-001   3.8543304965563774E+000   -1.0113538020915050E-001
1.6557648249342658E+007   9.7999724019867307E-001   2.0912930715692216E-001   3.8602557045661730E+000   -9.3269603371770801E-002
1.5774952331234699E+007   9.9999715428781200E-001   2.4863448282612105E-001   3.8663633486530808E+000   -8.5732303710987792E-002
1.5558025428288462E+007   1.0199970360565129E+000   2.8723707833527828E-001   3.8725219882332471E+000   -7.8748285116740424E-002
1.4815012942051763E+007   1.0399969518073637E+000   3.2505798789679913E-001   3.8788723529690294E+000   -7.2538559807545436E-002
1.4020854434120826E+007   1.0599968757556451E+000   3.6216916244096536E-001   3.8854951662660646E+000   -6.7228599129532704E-002
1.3387446229101438E+007   1.0799967922873597E+000   3.9853862225529152E-001   3.8925750569070345E+000   -6.3203650504309636E-002
1.3342048673532790E+007   1.0999966624740785E+000   4.3324656737768807E-001   3.8997812287787816E+000   -6.0262021686604668E-002
1.2627118321385024E+007   1.1199965912205727E+000   4.6800186576784308E-001   3.9073916458021869E+000   -5.8105206538338186E-002
1.2554140205619941E+007   1.1399964628148924E+000   5.0112190831559689E-001   3.9147606409480207E+000   -5.6283175556129057E-002
1.1956040832122821E+007   1.1599963864062690E+000   5.3414895052542977E-001   3.9221873410891841E+000   -5.4623054733539830E-002
1.1499714174470983E+007   1.1799962985788728E+000   5.6635868179996385E-001   3.9294325233239613E+000   -5.3008553565826212E-002
1.1276190737449424E+007   1.1999961860627040E+000   5.9754189984035921E-001   3.9364367674623808E+000   -5.1425432822468212E-002
1.0589681545186048E+007   1.2199961316684631E+000   6.2881145685595885E-001   3.9434830349441690E+000   -4.9883189278244665E-002
1.0597418249885863E+007   1.2399959917828480E+000   6.5831947476981645E-001   3.9501055414406410E+000   -4.8374193314260676E-002
9.9515722186685130E+006   1.2599959397471805E+000   6.8832976783748412E-001   3.9568676253116770E+000   -4.6893214522498824E-002
9.5984884139698260E+006   1.2799958516611902E+000   7.1732730429478120E-001   3.9633748821593864E+000   -4.5408959989269103E-002
9.6187329286229201E+006   1.2999957083472924E+000   7.4501596434123152E-001   3.9695687527451788E+000   -4.3952371137628669E-002
9.3360838934814502E+006   1.3199956113160052E+000   7.7274492254795690E-001   3.9757817213275608E+000   -4.2513829199029587E-002
8.6391579798818063E+006   1.3399955874100280E+000   8.0087451298328982E-001   3.9821006942031834E+000   -4.1086979732608740E-002
8.6101611470352225E+006   1.3599954517830051E+000   8.2701541713886118E-001   3.9879306291865890E+000   -3.9676397621633483E-002
8.1805595918646455E+006   1.3799953905522686E+000   8.5363481691934662E-001   3.9938777978969884E+000   -3.8261035152189649E-002
8.0282681633218527E+006   1.3999952791538717E+000   8.7913451643739071E-001   3.9995553278564140E+000   -3.6866245312019055E-002
7.6713448944559237E+006   1.4199952106045826E+000   9.0476774487531109E-001   4.0052696258796807E+000   -3.5478227139592936E-002
7.5656981271375027E+006   1.4399950919933338E+000   9.2927921977248973E-001   4.0107056244637089E+000   -3.4094486859059657E-002
7.2044158862147853E+006   1.4599950310690435E+000   9.5412750928380463E-001   4.0162315242795721E+000   -3.2722141735127823E-002
6.8891083107891716E+006   1.4799949644125665E+000   9.7861509352147502E-001   4.0216547093602282E+000   -3.1324719777605238E-002
6.7668452895119442E+006   1.4999948539570491E+000   1.0018843145351795E+000   4.0268062117362646E+000   -2.9993114022827061E-002
6.7528435653574485E+006   1.5199947157845568E+000   1.0244816783903479E+000   4.0317818626952731E+000   -2.8645734013257342E-002
6.4629534800012698E+006   1.5399946504036688E+000   1.0476373522221525E+000   4.0369081026471791E+000   -2.7320377001167566E-002
6.2506877278400585E+006   1.5599945674756028E+000   1.0702679028252144E+000   4.0419007181729079E+000   -2.5990332751094653E-002
6.1937865171414614E+006   1.5799944418155529E+000   1.0920060931234845E+000   4.0466683797209981E+000   -2.4656560698140293E-002
5.9461406274125706E+006   1.5999943734882778E+000   1.1141163627634376E+000   4.0515492774612492E+000   -2.3363221358666530E-002
5.6407585108823255E+006   1.6199943287704004E+000   1.1363474403920211E+000   4.0564460510146541E+000   -2.2041229651184741E-002
5.6865841728331167E+006   1.6399941711588504E+000   1.1565024689856713E+000   4.0608454070729829E+000   -2.0762427471016563E-002
5.3637377963761417E+006   1.6599941391045128E+000   1.1782746012357737E+000   4.0656519066528531E+000   -1.9489360505706873E-002
5.3286750077113118E+006   1.6799940099924058E+000   1.1981778644218344E+000   4.0699955173840223E+000   -1.8224950375015044E-002
5.2454431780248070E+006   1.6999938974388524E+000   1.2182143601741870E+000   4.0743766268787676E+000   -1.6968921488327397E-002
4.9527472199990805E+006   1.7199938670318518E+000   1.2391540109784187E+000   4.0789874420462207E+000   -1.5720726421117371E-002
5.0429253244512621E+006   1.7399936887194301E+000   1.2576850687199248E+000   4.0829907361388429E+000   -1.4461785735609661E-002
4.7815445181382019E+006   1.7599936527795286E+000   1.2777587927109419E+000   4.0874145385126077E+000   -1.3272528487630976E-002
4.5649786955714766E+006   1.7799936039893174E+000   1.2977832113881569E+000   4.0918036069994841E+000   -1.2038456122776360E-002
4.5518952887221854E+006   1.7999934680091316E+000   1.3158639371598024E+000   4.0957412078357134E+000   -1.0873294909412539E-002
4.3433563791464511E+006   1.8199934216663129E+000   1.3354823224768801E+000   4.1000401930949080E+000   -9.6620727692616447E-003
4.3266469143999377E+006   1.8399932881622088E+000   1.3530931814548899E+000   4.1038774877143611E+000   -8.5312325191625980E-003
4.3282470561732724E+006   1.8599931442730278E+000   1.3706453878317844E+000   4.1076761888678606E+000   -7.3525316377151930E-003
4.0710456271139276E+006   1.8799931316994747E+000   1.3898458605358188E+000   4.1119098499228945E+000   -6.2196173957661327E-003
4.0976698681072253E+006   1.8999929754826033E+000   1.4066936019498359E+000   4.1155777443723194E+000   -5.1315355876074432E-003
3.9008391958585908E+006   1.9199929397224484E+000   1.4251651282860347E+000   4.1196324508447040E+000   -4.0051853642772391E-003
3.9128747050527376E+006   1.9399927904420593E+000   1.4416592047582910E+000   4.1232162471636151E+000   -2.9257397659719982E-003
3.8401847934123222E+006   1.9599926891300581E+000   1.4587522507158290E+000   4.1269480991396996E+000   -1.8429207393714595E-003
3.7357843842413332E+006   1.9799926078282379E+000   1.4758610296794334E+000   4.1306949369963633E+000   -7.8220697089528412E-004
3.6084609910775730E+006   1.9999925433232486E+000   1.4930661828467222E+000   4.1344676990884510E+000   2.7484542857316683E-004
3.5653884302745387E+006   2.0199924282687820E+000   1.5093493310659274E+000   4.1380218859715923E+000   1.3080457718923602E-003
3.5356978235428571E+006   2.0399923045621304E+000   1.5253588468309038E+000   4.1415176654331169E+000   2.3212447313315432E-003
3.4827247647975972E+006   2.0599921958745799E+000   1.5413564555926174E+000   4.1450084615227167E+000   3.3384569329884171E-003
3.3214871065307520E+006   2.0799921640870611E+000   1.5583436255811316E+000   4.1487571058545463E+000   4.3347532635870595E-003
3.2454273969828030E+006   2.0999920757711172E+000   1.5743933918068145E+000   4.1522857305084475E+000   5.3023870686262787E-003
3.2803435212667282E+006   2.1199919072173659E+000   1.5889929872148489E+000   4.1554687469043756E+000   6.2361519807866026E-003
3.1691378591917288E+006   2.1399918470983281E+000   1.6050026779572177E+000   4.1590054816049742E+000   7.1675279507726784E-003
3.1182501266626278E+006   2.1599917437383098E+000   1.6203311530980105E+000   4.1623804680278074E+000   8.0817926755043911E-003
3.1146649650353570E+006   2.1799916020649364E+000   1.6349695080054396E+000   4.1655870513856756E+000   8.9878034134821851E-003
2.9997365317041045E+006   2.1999915527799048E+000   1.6506405426343991E+000   4.1690611016650054E+000   9.8752201693031259E-003
3.0536280158913778E+006   2.2199913620018439E+000   1.6645508360276076E+000   4.1720945396506544E+000   1.0763490894607996E-002
2.8789140419981866E+006   2.2399913691697684E+000   1.6805728369957611E+000   4.1756745725581492E+000   1.1614425563695607E-002
2.8749220163560733E+006   2.2599912284144916E+000   1.6945606679314451E+000   4.1787607076945692E+000   1.2436070758696797E-002
2.8407986955864625E+006   2.2799911150399716E+000   1.7088278363443627E+000   4.1819123127240072E+000   1.3266444906279731E-002
2.8194886660447684E+006   2.2999909905347509E+000   1.7228808728275902E+000   4.1850161351275457E+000   1.4085318340816394E-002
2.6827266370533244E+006   2.3199909772035068E+000   1.7382684142373241E+000   4.1884423785870188E+000   1.4926602126737999E-002
2.6197798338554935E+006   2.3399908965923633E+000   1.7527155057465573E+000   4.1916425825714549E+000   1.5749739912480756E-002
2.5627169446548200E+006   2.3599908116389376E+000   1.7669399869597469E+000   4.1947872827808910E+000   1.6572580100203804E-002
2.5705865726845707E+006   2.3799906598149780E+000   1.7797480483465591E+000   4.1976464841541707E+000   1.7258208047052168E-002
2.5378052532925070E+006   2.3999905507239663E+000   1.7932599247278480E+000   4.2006445933912717E+000   1.8017927763493733E-002
2.4462941000165748E+006   2.4199905070287748E+000   1.8078947098414961E+000   4.2038817951497798E+000   1.8860916803302440E-002
2.4419051062220992E+006   2.4399903684841342E+000   1.8205219245504611E+000   4.2066918483288189E+000   1.9554417799705577E-002
2.4066567927502985E+006   2.4599902652362502E+000   1.8337644825205242E+000   4.2096343480514129E+000   2.0290697339550724E-002
2.3039277639175379E+006   2.4799902425282636E+000   1.8486677950957637E+000   4.2128918048713206E+000   2.1227439987353606E-002
2.2712061921447031E+006   2.4999901396426085E+000   1.8616318472823359E+000   4.2157651862609864E+000   2.1962703301308218E-002
2.1868868194867689E+006   2.5199901028447171E+000   1.8764923337987378E+000   4.2189594538627873E+000   2.3004411355908073E-002
2.1807573829022222E+006   2.5399899690105374E+000   1.8881992858943795E+000   4.2216046301100043E+000   2.3567534909293794E-002
2.1112174528295174E+006   2.5599899185085508E+000   1.9025291875744901E+000   4.2246793720834015E+000   2.4583001802555682E-002
2.1239890068715881E+006   2.5799897596854531E+000   1.9131646819847776E+000   4.2271355309699539E+000   2.4988431234594950E-002
2.0602948190218268E+006   2.5999897056024648E+000   1.9270330737497816E+000   4.2301158132218415E+000   2.5962062613320638E-002
2.0037148433888408E+006   2.6199896428702796E+000   1.9408041553950302E+000   4.2330585033683743E+000   2.6962223142879185E-002
1.9557670854682501E+006   2.6399895718443522E+000   1.9541534667654354E+000   4.2359114992001219E+000   2.7930887164586689E-002
1.9530659327956068E+006   2.6599894352274993E+000   1.9647265741009867E+000   4.2383436509859287E+000   2.8353137260749978E-002
1.9515699048912041E+006   2.6799892961626171E+000   1.9752973847442763E+000   4.2407564549919057E+000   2.8812934570440929E-002
1.8575271012577934E+006   2.6999892995165937E+000   1.9912973208278617E+000   4.2439707144528800E+000   3.0384383690283359E-002
1.8886043607056448E+006   2.7199891084550782E+000   1.9993562395041826E+000   4.2460045288592436E+000   3.0346214215716399E-002
1.8579799851121362E+006   2.7399890162865130E+000   2.0112088234549810E+000   4.2485850263186764E+000   3.1111511272250071E-002
1.7720153737698381E+006   2.7599890176475874E+000   2.0269614749069573E+000   4.2517130643021739E+000   3.2731761031244561E-002
1.7455716871096543E+006   2.7799889192984901E+000   2.0383536966111881E+000   4.2542045653487781E+000   3.3444869790151655E-002
1.7483675537283982E+006   2.7999887754503252E+000   2.0474614829652360E+000   4.2563639170738901E+000   3.3680059516952139E-002
1.4931637944048671E+006   2.9999878546952261E+000   2.1584906245356184E+000   4.2801273968010731E+000   4.1667670847776429E-002
1.3092095150924926E+006   3.1999868750990283E+000   2.2580699591683162E+000   4.3012159928870357E+000   4.9280145992200028E-002
1.1995260971449935E+006   3.3999857704792968E+000   2.3434009200394588E+000   4.3191990218064351E+000   5.5979568588974078E-002
1.0559456750002992E+006   3.5999848283507121E+000   2.4291914285004239E+000   4.3363506606070787E+000   6.4571545218169393E-002
9.7281377826484630E+005   3.7999837446509739E+000   2.5032797476871380E+000   4.3507728306401088E+000   7.2771364745463821E-002
8.6465173517584091E+005   3.9999828201810654E+000   2.5782859560036067E+000   4.3648434454903136E+000   8.2133239203289063E-002
8.1024277906104282E+005   4.1999817061034683E+000   2.6436500682155848E+000   4.3765802451257825E+000   9.1341696038340262E-002
7.2920602000428049E+005   4.3999807779268858E+000   2.7101052184873411E+000   4.3883549099349368E+000   1.0101994155591076E-001
6.8116639009017742E+005   4.5999797111734537E+000   2.7708887272908274E+000   4.3986853182496315E+000   1.1075087932826398E-001
6.0739115474453080E+005   4.7999788733588220E+000   2.8323651245181649E+000   4.4092285869762184E+000   1.2040254048875855E-001
5.6180266016552912E+005   4.9999778911688821E+000   2.8887517199086066E+000   4.4185360249750500E+000   1.2998096218631641E-001
5.0937746641424310E+005   5.1999770184764733E+000   2.9450142614288906E+000   4.4278519365049478E+000   1.3948040988666285E-001
4.8402348300184257E+005   5.3999759395650377E+000   2.9948957086966979E+000   4.4356923772099215E+000   1.4874025211061956E-001
4.3888832771032164E+005   5.5999751020095108E+000   3.0473323412050206E+000   4.4442312835250917E+000   1.5788075573443969E-001
4.1889648406286410E+005   5.7999740248428493E+000   3.0933374533189673E+000   4.4512981122605773E+000   1.6674965432044242E-001
3.9027535209015955E+005   5.9999730778079803E+000   3.1399401620207441E+000   4.4585966849867082E+000   1.7545386321907025E-001
3.6706767608991516E+005   6.1999720852212654E+000   3.1844603771310527E+000   4.4654678887992425E+000   1.8397156314915603E-001
3.4680964166912466E+005   6.3999710801753977E+000   3.2272544307666164E+000   4.4720118743840436E+000   1.9228061879733463E-001
3.2918870521878579E+005   6.5999700405224360E+000   3.2685170330727780E+000   4.4782665725603552E+000   2.0040252359779268E-001
3.0869343323956756E+005   6.7999690749702681E+000   3.3093411758867166E+000   4.4845241994033787E+000   2.0829934131871464E-001
2.8950473525584314E+005   6.9999681106958915E+000   3.3491408460398344E+000   4.4906136422166822E+000   2.1602029076866747E-001
2.8239530177276081E+005   7.1999668403708181E+000   3.3850589974175769E+000   4.4958125958993289E+000   2.2358145909224283E-001
2.6271349584167876E+005   7.3999659654076382E+000   3.4230152130470781E+000   4.5016472349682815E+000   2.3089028876908918E-001
2.5676121363456556E+005   7.5999645571229468E+000   3.4569877400638811E+000   4.5065367411777286E+000   2.3809753985859733E-001
2.4163332158296104E+005   7.7999635701876198E+000   3.4921730400943223E+000   4.5118550488244322E+000   2.4505357458041135E-001
2.3102193835804609E+005   7.9999620377383458E+000   3.5256635092483695E+000   4.5168124986521239E+000   2.5188390950204925E-001
1.8689923643382214E+005   8.9999370790668110E+000   3.6804491433086541E+000   4.5395815784804547E+000   2.8373856687552979E-001
1.5916712795204078E+005   9.9997887765142490E+000   3.8159402150289914E+000   4.5592114351765556E+000   3.1222438934349911E-001
1.4047289763107215E+005   1.0999727663322835E+001   3.9358148393977723E+000   4.5763662918769921E+000   3.3785198812701472E-001
1.2274050063215672E+005   1.1999656716994917E+001   4.0447516591818999E+000   4.5919746889989908E+000   3.6110360377508172E-001
1.1038675832854700E+005   1.2999575081607983E+001   4.1430916040726480E+000   4.6059397164635243E+000   3.8234352129138954E-001
9.9813165714291608E+004   1.3999482163347384E+001   4.2331381434710327E+000   4.6186735865748352E+000   4.0189905076796079E-001
8.8660717188498063E+004   1.4999378229219237E+001   4.3165517403399951E+000   4.6305031033795609E+000   4.1994681559298830E-001
8.3924859977240456E+004   1.5999266544449542E+001   4.3920963688902619E+000   4.6409936891868577E+000   4.3673795825352796E-001
7.8936573454642552E+004   1.6999144506894581E+001   4.4626191844718690E+000   4.6508042958415254E+000   4.5237815273499815E-001
7.3287395140813809E+004   1.7999012919976852E+001   4.5285335300603400E+000   4.6599750820249390E+000   4.6699375316240543E-001
6.5096489159130826E+004   1.8998873475305160E+001   4.5914197970698636E+000   4.6687873889336364E+000   4.8081227284977152E-001
6.3331298210761473E+004   1.9998720107518743E+001   4.6481522166052525E+000   4.6765253446047117E+000   4.9370257127531586E-001
5.6261096620171826E+004   2.1998386754871628E+001   4.7536810631871154E+000   4.6909687262859148E+000   5.1758023120384233E-001
5.1105195164004974E+004   2.3998012107199113E+001   4.8477077163986975E+000   4.7036819048369374E+000   5.3916720070758761E-001
4.6303131338068357E+004   2.5997597907243023E+001   4.9326864703160984E+000   4.7150630738908514E+000   5.5889423955846029E-001
4.4162900601620997E+004   2.7997137979565316E+001   5.0087182236820542E+000   4.7250759184925606E+000   5.7688442703801923E-001
4.0303463632128041E+004   2.9996642378744284E+001   5.0793268223690777E+000   4.7343161469679202E+000   5.9370826943081167E-001
3.8088100226020128E+004   3.1996263140490534E+001   5.1435507801374545E+000   4.7425879088862528E+000   6.0927672447833492E-001
3.6442873905378510E+004   3.3995877436273560E+001   5.2027736879586142E+000   4.7501193004844113E+000   6.2382539519259717E-001
3.4095231797018954E+004   3.5995549499040521E+001   5.2584603150869524E+000   4.7571246402191534E+000   6.3765802928728343E-001
3.3197317728664755E+004   3.7995288700410775E+001   5.3094166155354463E+000   4.7634409860167768E+000   6.5050348791628287E-001
3.1034464741715790E+004   3.9995039067482040E+001   5.3583190426422966E+000   4.7694294551420313E+000   6.6297776321919832E-001
2.9305199991840276E+004   4.4994662280245663E+001   5.4651755179646440E+000   4.7822396230404829E+000   6.9078566508346950E-001
2.6907890325181994E+004   4.9994613197931145E+001   5.5584937106390653E+000   4.7930836118274902E+000   7.1575678384666641E-001
2.4856098618595075E+004   5.4994919067603448E+001   5.6406065675086765E+000   4.8023256306928177E+000   7.3832917455081526E-001
2.3597503880891894E+004   5.9995055794937656E+001   5.7129978690202750E+000   4.8102649083481079E+000   7.5864626999603546E-001
2.3597187371787262E+004   6.4995903241649501E+001   5.7777788226836044E+000   4.8171706264615999E+000   7.7722531060071687E-001
2.1891504565967334E+004   6.9996509883518044E+001   5.8374718515483259E+000   4.8233112375970881E+000   7.9479060276209967E-001
2.0440305901688476E+004   7.4996861704910344E+001   5.8919519128567392E+000   4.8287507232195610E+000   8.1115166217136137E-001
1.9472396243866158E+004   7.9997716447616043E+001   5.9417404948053534E+000   4.8336020972821867E+000   8.2634320502041780E-001
1.9788404237076655E+004   8.4998320408008396E+001   5.9873686793665248E+000   4.8379592573123240E+000   8.4044297724072692E-001
1.8728591294361184E+004   8.9998225050373065E+001   6.0302540691844282E+000   4.8419158504299586E+000   8.5397248591440988E-001
1.7645394520908325E+004   9.4998164786147086E+001   6.0703539592454714E+000   4.8455131520283263E+000   8.6682782774819678E-001
1.7590005001719808E+004   9.9998086811476398E+001   6.1075185006026196E+000   4.8488074567245283E+000   8.7882148903436574E-001
1.7059531447856054E+004   1.0499805623453106E+002   6.1426357883097218E+000   4.8518255220055408E+000   8.9034400232589139E-001
1.6629363996344211E+004   1.0999798452959809E+002   6.1757551543697806E+000   4.8546038139847631E+000   9.0134710139747753E-001
1.5715967279759168E+004   1.1499788104918537E+002   6.2071617255961939E+000   4.8571789636457829E+000   9.1190008768864461E-001
1.5601054230128322E+004   1.1999772393061768E+002   6.2367710524384288E+000   4.8595649251047428E+000   9.2193282819184330E-001
1.3855687372659491E+004   1.2499769774505337E+002   6.2654319846714719E+000   4.8617715515526019E+000   9.3185004141264660E-001
1.3930572292743709E+004   1.2999753642027406E+002   6.2920869488768520E+000   4.8638433865329542E+000   9.4103385355463209E-001
1.3502373403966561E+004   1.3499743017589705E+002   6.3177637502421859E+000   4.8657778785881831E+000   9.5000327012684160E-001
1.3479796395542275E+004   1.3999730112364591E+002   6.3420660980872192E+000   4.8676015857500170E+000   9.5850702972568891E-001
1.3004498299988098E+004   1.4499723604002511E+002   6.3655975145339445E+000   4.8693055833680896E+000   9.6686474271290745E-001
1.2134031509451617E+004   1.4999725923956294E+002   6.3881107842141294E+000   4.8708932197316681E+000   9.7494610482584054E-001
1.2616934470030877E+004   1.7499676767255613E+002   6.4878073523843218E+000   4.8777060332086100E+000   1.0111687619570549E+000
1.1145603988887171E+004   1.9999647533746835E+002   6.5721494113914130E+000   4.8829644784470236E+000   1.0428229009837728E+000
1.0917535395411458E+004   2.2499586046450079E+002   6.6446716313365890E+000   4.8871927886276190E+000   1.0706273905951704E+000
1.0805414180386384E+004   2.4999535718534511E+002   6.7082083842201374E+000   4.8906871638166658E+000   1.0954070166588505E+000
1.0864244789498882E+004   2.7499476077605050E+002   6.7647514497363073E+000   4.8936016423124880E+000   1.1178495924252925E+000
1.0587773179514970E+004   2.9999420567546156E+002   6.8156150169445890E+000   4.8960737401200989E+000   1.1383371804142108E+000
