1.1284856012613378E+009   9.9999732045074105E-002   -2.7273179886199825E+000   3.5663039396647038E+000   -9.7358972145728517E-001
5.2065690302376705E+008   1.4999962143319018E-001   -2.2430717520179710E+000   3.6012156835359632E+000   -8.0129009089879899E-001
3.3157098647979766E+008   1.9999953067035794E-001   -1.9882186544220826E+000   3.6169545298587891E+000   -7.0534123474650479E-001
2.7480488483670139E+008   2.4999942497191377E-001   -1.8220637286758987E+000   3.6223055559402839E+000   -6.3296582403640356E-001
2.3030401990522119E+008   2.9999932386586736E-001   -1.6895899439524045E+000   3.6266315606502797E+000   -5.7538094109464777E-001
2.2782308338779026E+008   3.0999929923021796E-001   -1.6640331895264207E+000   3.6280056341122195E+000   -5.6535071080553678E-001
2.0959118897185743E+008   3.1999928714961801E-001   -1.6392421655766740E+000   3.6293737856147819E+000   -5.5569150183578686E-001
1.9343784451337981E+008   3.2999927424361597E-001   -1.6150515445545093E+000   3.6307497507175368E+000   -5.4634812153021550E-001
2.0899537848007470E+008   3.3999923434139301E-001   -1.5913907693627012E+000   3.6321382554412445E+000   -5.3729474338172534E-001
1.4448993175221571E+008   3.4999926498014577E-001   -1.5633246196034627E+000   3.6335655865566685E+000   -5.2611633073295438E-001
1.4722093623766422E+008   3.5999923668107781E-001   -1.5383775855921060E+000   3.6351105778202943E+000   -5.1673279625452773E-001
1.3585219336554664E+008   3.6999922235295241E-001   -1.5119579891585637E+000   3.6368205994317444E+000   -5.0694304126065703E-001
1.3044182064398247E+008   3.7999920125829328E-001   -1.4853469371813754E+000   3.6386951639847709E+000   -4.9738664437811464E-001
1.2856073157681546E+008   3.8999917605166101E-001   -1.4579623127832577E+000   3.6406896013131975E+000   -4.8768320683591038E-001
1.2322695924560404E+008   3.9999915443975498E-001   -1.4294704360250321E+000   3.6429076015167774E+000   -4.7787326886395670E-001
1.0681600223573783E+008   4.4999902637693134E-001   -1.2773339254732128E+000   3.6564046225789752E+000   -4.2879905571244370E-001
8.5877003494680762E+007   4.9999889821731497E-001   -1.1144285566924501E+000   3.6738873873601539E+000   -3.8231190088441991E-001
6.5177182104579113E+007   5.4999877580010925E-001   -9.4565054509714497E-001   3.6959155434031064E+000   -3.4197920717267211E-001
5.1662290330864489E+007   5.9999864119014978E-001   -7.8189407686038381E-001   3.7190042709120221E+000   -3.0627842807212280E-001
4.0985845414913945E+007   6.4999850525031611E-001   -6.2260813000814974E-001   3.7426323228668541E+000   -2.7389155855566899E-001
3.4377127861892611E+007   6.9999834936563610E-001   -4.7467411866063913E-001   3.7641721538623862E+000   -2.4300421487297788E-001
2.9191854703915317E+007   7.4999818409187446E-001   -3.3321788584086914E-001   3.7842171038759078E+000   -2.1236599849013613E-001
2.5557508806495592E+007   7.9999799803904426E-001   -1.9967652204176051E-001   3.8025012320204969E+000   -1.8216357287976037E-001
2.3541306508472148E+007   8.4999777159584056E-001   -7.5472361272006669E-002   3.8192042602103338E+000   -1.5346754887455635E-001
2.1684800708569936E+007   8.9999752836756741E-001   3.8590753629212930E-002   3.8346068240607720E+000   -1.2724111912482411E-001
2.0839268024342459E+007   9.1999743313296745E-001   8.2139000534613829E-002   3.8405839556126948E+000   -1.1742125877596846E-001
1.8892343251947794E+007   9.3999738670106525E-001   1.2504205217761993E-001   3.8466531921427172E+000   -1.0810820601451018E-001
1.8827922117895667E+007   9.5999726063021262E-001   1.6738454224070079E-001   3.8525513735712344E+000   -9.8733323840004661E-002
1.6697462735899936E+007   9.7999723738146960E-001   2.0704744416059892E-001   3.8584609011943587E+000   -9.0720928126303960E-002
1.6071451673966484E+007   9.9999714139198270E-001   2.4619189159867783E-001   3.8644812190553788E+000   -8.3189340129305664E-002
1.5177614925451921E+007   1.0199970644585004E+000   2.8516234446013222E-001   3.8706986308360722E+000   -7.6138937259963957E-002
1.4968955984660158E+007   1.0399969454254017E+000   3.2258108156300169E-001   3.8768964961659562E+000   -6.9825299368297677E-002
1.4466336711983569E+007   1.0599968465522029E+000   3.5953528025372011E-001   3.8834053966136270E+000   -6.4366000918279931E-002
1.3752818850715194E+007   1.0799967669773818E+000   3.9580827463533313E-001   3.8903672143600634E+000   -6.0153139220345736E-002
1.3585670046075560E+007   1.0999966451291825E+000   4.3084474185654942E-001   3.8975763370428465E+000   -5.7053150975304508E-002
1.2653136635927156E+007   1.1199965923884603E+000   4.6591629160298720E-001   3.9052164786623877E+000   -5.4797659341167239E-002
1.2454539756942637E+007   1.1399964758040149E+000   4.9916245297514011E-001   3.9126225802246921E+000   -5.2986781779699975E-002
1.2087779249871152E+007   1.1599963758167517E+000   5.3193590231843091E-001   3.9199624193065521E+000   -5.1279735271775706E-002
1.1793806472729448E+007   1.1799962691992130E+000   5.6393897046707242E-001   3.9271530857243255E+000   -4.9659534033001010E-002
1.1530170513413161E+007   1.1999961592641863E+000   5.9529006560057485E-001   3.9342004132104607E+000   -4.8078641438520746E-002
1.1112023516720431E+007   1.2199960692310443E+000   6.2606695924421341E-001   3.9411262598899559E+000   -4.6541887975691122E-002
1.0579218891458882E+007   1.2399959967619454E+000   6.5641816388600216E-001   3.9479635051322046E+000   -4.5040776139293817E-002
1.0028748024818754E+007   1.2599959316470171E+000   6.8636992723610957E-001   3.9546994744115604E+000   -4.3536833022952762E-002
9.9571356854593381E+006   1.2799958016549871E+000   7.1479040240674196E-001   3.9610749226966049E+000   -4.2077492007725530E-002
9.6515642390480861E+006   1.2999957058532601E+000   7.4313342697135543E-001   3.9674319486936538E+000   -4.0620031719515406E-002
9.2056125169915613E+006   1.3199956349765332E+000   7.7118271869032484E-001   3.9737331922554513E+000   -3.9197872983626418E-002
8.8438045099867210E+006   1.3399955546324178E+000   7.9864147020731902E-001   3.9798791775710778E+000   -3.7760467856381541E-002
8.5977105354473665E+006   1.3599954564670960E+000   8.2528675782881711E-001   3.9858309823026734E+000   -3.6341433508823566E-002
8.4473028288764525E+006   1.3799953421695033E+000   8.5132115268506203E-001   3.9916404414775761E+000   -3.4943154430507363E-002
8.2991030023652529E+006   1.3999952271032241E+000   8.7688942642332424E-001   3.9973287171246543E+000   -3.3535568855533202E-002
8.0216985708545456E+006   1.4199951395678256E+000   9.0227651103364959E-001   4.0029798541002881E+000   -3.2144300501638558E-002
7.6464507314731721E+006   1.4399950762108347E+000   9.2740857371059060E-001   4.0085776876088763E+000   -3.0773936180343350E-002
7.3232337842061007E+006   1.4599950065193092E+000   9.5217413032899523E-001   4.0140800001986259E+000   -2.9395783050639623E-002
7.1341183487262139E+006   1.4799949078085022E+000   9.7612543344602865E-001   4.0193884013269212E+000   -2.8036933748714750E-002
7.0855869459564779E+006   1.4999947760349235E+000   9.9932181381938123E-001   4.0245065547227714E+000   -2.6675050353739443E-002
6.6304980051396647E+006   1.5199947494774018E+000   1.0234197826833784E+000   4.0298569050786490E+000   -2.5326766633494566E-002
6.4987222071865518E+006   1.5399946424428916E+000   1.0460320028860313E+000   4.0348469744373308E+000   -2.4000795249531477E-002
6.5524745616791286E+006   1.5599944833249735E+000   1.0678630261641224E+000   4.0396293451648857E+000   -2.2650025065596810E-002
6.0584712032099385E+006   1.5799944839643933E+000   1.0911609949645369E+000   4.0448032735275374E+000   -2.1348897390693400E-002
6.1828650446170671E+006   1.5999943020376066E+000   1.1118387383678818E+000   4.0493119286434958E+000   -2.0027335920937955E-002
5.7495736233988125E+006   1.6199942949933488E+000   1.1343334821200284E+000   4.0542945415460849E+000   -1.8745189850042247E-002
5.8326107387987515E+006   1.6399941241313021E+000   1.1545389810375477E+000   4.0586988046295813E+000   -1.7450966558274970E-002
5.6001583660117527E+006   1.6599940588127617E+000   1.1756014894482112E+000   4.0633341313714535E+000   -1.6190365836687235E-002
5.3940193834337806E+006   1.6799939881166930E+000   1.1964182242674377E+000   4.0679077124493608E+000   -1.4929160582888863E-002
5.1493149802078735E+006   1.6999939354973808E+000   1.2173731173233189E+000   4.0725076507097873E+000   -1.3651590575800943E-002
5.0585678923888896E+006   1.7199938275051843E+000   1.2370922415699228E+000   4.0768215723475221E+000   -1.2419871727970811E-002
4.9458128271786338E+006   1.7399937297602217E+000   1.2566935496166067E+000   4.0811030136976498E+000   -1.1182100404883093E-002
4.8488249384905444E+006   1.7599936268245446E+000   1.2759714289162036E+000   4.0853183996457396E+000   -9.9739326512641342E-003
4.8533628644145755E+006   1.7799934802900914E+000   1.2945478163135193E+000   4.0893420861654777E+000   -8.7331119920819791E-003
4.7457442781622726E+006   1.7999933824612722E+000   1.3134522826934953E+000   4.0934653893620068E+000   -7.5274851951530920E-003
4.5005932251232937E+006   1.8199933502034762E+000   1.3327241415296320E+000   4.0977053503192664E+000   -6.3714776916038952E-003
4.4255329808037104E+006   1.8399932425484564E+000   1.3510548684622041E+000   4.1017067175391375E+000   -5.2088486650584765E-003
4.3177952652527867E+006   1.8599931511791223E+000   1.3692750409924783E+000   4.1056790226167674E+000   -4.0433725551815075E-003
4.2292584048144240E+006   1.8799930524144020E+000   1.3872039972391683E+000   4.1095932257176466E+000   -2.9073006335955547E-003
4.0430617760190568E+006   1.8999930067593369E+000   1.4057353132025030E+000   4.1136475487480517E+000   -1.7502887127391149E-003
4.0584816301364442E+006   1.9199928549353178E+000   1.4223269689349309E+000   4.1172419849355899E+000   -6.4333322160084363E-004
3.9863330750430492E+006   1.9399927508078558E+000   1.4395446775442979E+000   4.1209897269980642E+000   4.7003695813375182E-004
3.8785750535771055E+006   1.9599926689100149E+000   1.4567773055846185E+000   4.1247487278789023E+000   1.5683492166180786E-003
3.7548744271970554E+006   1.9799925985356195E+000   1.4740535678405913E+000   4.1285225307989126E+000   2.6588745045849865E-003
3.7827712994237742E+006   1.9999924372438997E+000   1.4901083882926029E+000   4.1319916575260809E+000   3.7480312762522955E-003
3.6721949341507889E+006   2.0199923617232551E+000   1.5068721533077438E+000   4.1356638067538816E+000   4.7856153282219167E-003
3.6173120269536488E+006   2.0399922527624912E+000   1.5230147903509978E+000   4.1391641319509809E+000   5.8562834556495731E-003
3.3928263912323648E+006   2.0599922599079243E+000   1.5407337535241685E+000   4.1430737330235257E+000   6.8965628971454597E-003
3.4605717292733360E+006   2.0799920690606122E+000   1.5552594142865996E+000   4.1462046592606949E+000   7.8975408040233477E-003
3.3860326376542663E+006   2.0999919769302107E+000   1.5711029981398432E+000   4.1496588838504458E+000   8.9108835511433077E-003
3.2958644775047447E+006   2.1199918980312162E+000   1.5869043325454149E+000   4.1531139553852485E+000   9.9014076843248842E-003
3.2922022331215823E+006   2.1399917557420736E+000   1.6019028884090385E+000   4.1563582538331927E+000   1.0912088720246878E-002
3.1340042958543296E+006   2.1599917340057710E+000   1.6180385806077329E+000   4.1599148726298791E+000   1.1866697226222330E-002
3.0259038395474642E+006   2.1799916776565134E+000   1.6339766829334406E+000   4.1634030556544968E+000   1.2859382339840205E-002
3.0409691755387159E+006   2.1999915221993729E+000   1.6478446772899424E+000   4.1664056995788963E+000   1.3788091669291923E-002
2.9749415878807795E+006   2.2199914330896631E+000   1.6628120806946938E+000   4.1696743342756868E+000   1.4734523978085366E-002
2.9070054294472397E+006   2.2399913480506757E+000   1.6776148045282246E+000   4.1728985009489072E+000   1.5687552548411397E-002
2.8381517082790206E+006   2.2599912667029272E+000   1.6923804814236567E+000   4.1761170415284070E+000   1.6633309837129257E-002
2.8410126188024501E+006   2.2799911191505355E+000   1.7058973634211709E+000   4.1790350635999394E+000   1.7555706692818803E-002
2.7902880414158092E+006   2.2999910226864526E+000   1.7200920266965110E+000   4.1821170609926916E+000   1.8489043544984825E-002
2.6607353169340128E+006   2.3199910040624716E+000   1.7355453976299469E+000   4.1854994168867368E+000   1.9451017223613129E-002
2.6511828951879488E+006   2.3399908702394279E+000   1.7486338262977008E+000   4.1883255020342469E+000   2.0343061262470648E-002
2.5779282408106155E+006   2.3599908027475092E+000   1.7629482549839426E+000   4.1914334805819431E+000   2.1284318510198321E-002
2.5681629589045011E+006   2.3799906684409144E+000   1.7757927738623673E+000   4.1941935016469438E+000   2.2186535819408482E-002
2.5034844410234815E+006   2.3999905952884082E+000   1.7896697452583832E+000   4.1971925563234036E+000   2.3126912164498220E-002
2.5190971266223821E+006   2.4199904335862850E+000   1.8018035931317937E+000   4.1997593680670526E+000   2.4060212613904140E-002
2.5025808566597453E+006   2.4399903069532232E+000   1.8145848220412717E+000   4.2024770841962367E+000   2.5015394810276349E-002
2.3633780126092928E+006   2.4599903226882267E+000   1.8295399063289164E+000   4.2057546486305109E+000   2.5937808085549501E-002
2.3474857491122158E+006   2.4799901981611470E+000   1.8417613866403433E+000   4.2083484664642583E+000   2.6860912573767600E-002
2.3668832374853375E+006   2.4999900316938897E+000   1.8532505833136474E+000   4.2107258389946614E+000   2.7850765849614656E-002
2.2435596066900110E+006   2.5199900403587336E+000   1.8678594867212772E+000   4.2139074377285626E+000   2.8792020085627406E-002
2.2422910735174762E+006   2.5399898991039631E+000   1.8792575789773609E+000   4.2162827002253183E+000   2.9740541220156104E-002
2.1847195715616965E+006   2.5599898321572923E+000   1.8921738882045986E+000   4.2190223520456591E+000   3.0719392193094591E-002
2.1223931254844316E+006   2.5799897724377652E+000   1.9053287397908492E+000   4.2218041739290362E+000   3.1733174219464436E-002
2.1031255941369520E+006   2.5999896562006861E+000   1.9167881389155155E+000   4.2241803247428908E+000   3.2710572154089179E-002
2.1098303549602572E+006   2.6199895046511750E+000   1.9274194604856498E+000   4.2263292872497518E+000   3.3728307925434173E-002
2.0661618342820678E+006   2.6399894233282493E+000   1.9394753797801356E+000   4.2288380955439662E+000   3.4738650984248345E-002
2.0184967413215302E+006   2.6599893509949926E+000   1.9516199088205874E+000   4.2313648698528459E+000   3.5757366886714534E-002
1.9633488067849083E+006   2.6799892909756116E+000   1.9640916771031236E+000   4.2339632565839320E+000   3.6796477565811322E-002
1.9371685375001591E+006   2.6999891909509803E+000   1.9752911533501742E+000   4.2362409827505392E+000   3.7840763356121888E-002
1.9282710324198951E+006   2.7199890613083477E+000   1.9857310656328897E+000   4.2383134759289733E+000   3.8915733140610677E-002
1.8359866765054255E+006   2.7399890679521386E+000   2.0000903430157257E+000   4.2413417629304435E+000   4.0038797829088861E-002
1.8739361320364529E+006   2.7599888648785229E+000   2.0077630689271633E+000   4.2427339970684983E+000   4.1090692508699213E-002
1.7899561575446739E+006   2.7799888637614907E+000   2.0214864511012078E+000   4.2456278045628775E+000   4.2164768606962291E-002
1.7805689767286307E+006   2.7999887385829614E+000   2.0312723651441469E+000   4.2475327067818398E+000   4.3247921190508493E-002
1.4964091591933493E+006   2.9999878771781443E+000   2.1368380062865828E+000   4.2681347072077358E+000   5.4826740909933204E-002
1.2925128813984136E+006   3.1999869588762362E+000   2.2323942676177726E+000   4.2858387391678008E+000   6.7196807655397789E-002
1.1056966126227833E+006   3.3999861043603765E+000   2.3247952579621569E+000   4.3025056607170509E+000   8.0063459729090639E-002
9.6588214556861983E+005   3.5999852100735303E+000   2.4097904885463470E+000   4.3172351189596334E+000   9.3102158536020982E-002
8.8268399112595269E+005   3.7999841831893097E+000   2.4819224079687929E+000   4.3287859994569446E+000   1.0606635725262122E-001
7.8421251364644291E+005   3.9999832781208062E+000   2.5567742862475100E+000   4.3411309957427768E+000   1.1880230382031585E-001
6.9933445930726291E+005   4.1999823872673492E+000   2.6284155245504972E+000   4.3528072274201444E+000   1.3127045961707295E-001
6.3611386419193703E+005   4.3999814388297702E+000   2.6939275110952439E+000   4.3630825893639757E+000   1.4347572900178451E-001
5.7026772397851513E+005   4.5999805711213222E+000   2.7606076764444425E+000   4.3738127244090128E+000   1.5535554158630957E-001
5.3245669896379800E+005   4.7999795567059236E+000   2.8167154845707536E+000   4.3820722372671090E+000   1.6689041993327200E-001
4.8249654789688095E+005   4.9999786833866491E+000   2.8770985413764532E+000   4.3916129671927280E+000   1.7800048848488378E-001
4.5273522813562897E+005   5.1999776770666859E+000   2.9289507580967489E+000   4.3991578083930563E+000   1.8883691444437650E-001
4.1319600971206202E+005   5.3999768091625748E+000   2.9845027014945331E+000   4.4078355520664534E+000   1.9925739879647364E-001
3.8203792723904329E+005   5.5999758932118757E+000   3.0367660433958270E+000   4.4157888699734471E+000   2.0948243393313257E-001
3.5750580723993207E+005   5.7999749427290563E+000   3.0843114727538246E+000   4.4227951469439901E+000   2.1924259467104557E-001
3.4034973809131916E+005   5.9999739100363643E+000   3.1279397910911242E+000   4.4289307688601447E+000   2.2878551000738509E-001
3.1554032864270167E+005   6.1999730279902003E+000   3.1753315400467370E+000   4.4361597770871377E+000   2.3802336803120752E-001
2.9530021257324697E+005   6.3999721051580742E+000   3.2198624975783616E+000   4.4428028266800732E+000   2.4700274761114838E-001
2.8322537673055660E+005   6.5999710508426928E+000   3.2590737840184891E+000   4.4482441532030093E+000   2.5572573778534025E-001
2.6826506525148003E+005   6.7999700605240143E+000   3.2994589976140163E+000   4.4541116372772409E+000   2.6418337643463968E-001
2.5070005311465604E+005   6.9999691176665069E+000   3.3408527176855594E+000   4.4603726462709510E+000   2.7235821848298986E-001
2.3733896027715071E+005   7.1999681607495516E+000   3.3793598854694147E+000   4.4660033085507855E+000   2.8035047781524902E-001
2.2894912226644086E+005   7.3999670499320018E+000   3.4139957068425404E+000   4.4707787325100456E+000   2.8811754058329225E-001
2.1946008444994388E+005   7.5999659783421318E+000   3.4488983111408702E+000   4.4757251887136809E+000   2.9567593032518735E-001
2.1039999487841615E+005   7.7999648770101704E+000   3.4833720057118711E+000   4.4806439451236697E+000   3.0307526479070968E-001
2.0010688975324520E+005   7.9999635100429449E+000   3.5175653049674818E+000   4.4856331191274084E+000   3.1019356641103685E-001
1.5926598688147770E+005   8.9999411916121392E+000   3.6762254109266301E+000   4.5086794030308823E+000   3.4343105158366449E-001
1.3876286858306438E+005   9.9997866122508690E+000   3.8093990947256029E+000   4.5272396742056209E+000   3.7289735113367251E-001
1.1745251048632771E+005   1.0999724942870696E+001   3.9323861679963579E+000   4.5448068727352187E+000   3.9925649070985630E-001
1.0290004293050342E+005   1.1999653118404389E+001   4.0415963693289614E+000   4.5601924897797073E+000   4.2309035728718070E-001
9.2766858041481930E+004   1.2999570408030863E+001   4.1396071775836560E+000   4.5738291120386094E+000   4.4482251689672242E-001
8.3994542127397886E+004   1.3999476131142488E+001   4.2295435325593473E+000   4.5863644665485879E+000   4.6471998536461273E-001
7.6167562372528759E+004   1.4999370683814437E+001   4.3125107162603662E+000   4.5979549248657960E+000   4.8302266058070414E-001
6.9500967166903167E+004   1.5999257466431107E+001   4.3893851764087684E+000   4.6086438077084884E+000   5.0008212496952198E-001
6.4082487992642367E+004   1.6999133743637078E+001   4.4604183898089946E+000   4.6184841367881591E+000   5.1591807351029251E-001
6.0221729162948308E+004   1.7998998584765417E+001   4.5259596979627066E+000   4.6274656238798419E+000   5.3072575340378270E-001
5.7754724832591695E+004   1.8998852112800549E+001   4.5868315941533107E+000   4.6357271434882588E+000   5.4463866228225200E-001
5.3625805073934062E+004   1.9998697040974555E+001   4.6450151622002860E+000   4.6437326364545157E+000   5.5771946037322495E-001
4.8576115893321374E+004   2.1998353343440900E+001   4.7502275167019112E+000   4.6579915740732263E+000   5.8180776238661680E-001
4.5065110039448417E+004   2.3997963945037405E+001   4.8438729966655316E+000   4.6705434496007650E+000   6.0352675131335065E-001
4.1075649918191630E+004   2.5997534624256680E+001   4.9287190139203645E+000   4.6818490264561881E+000   6.2333860622992032E-001
3.8268167619441316E+004   2.7997060305387517E+001   5.0053954678347123E+000   4.6919276021196739E+000   6.4151968186012187E-001
3.6563913931066418E+004   2.9996537915893775E+001   5.0751356068280460E+000   4.7009500065878047E+000   6.5834494242052799E-001
3.5242889026636047E+004   3.1996124463660625E+001   5.1392528952915333E+000   4.7091480373652770E+000   6.7400752509732542E-001
3.2747091109356701E+004   3.3995713054670418E+001   5.1989355035966005E+000   4.7167417753412755E+000   6.8866135329786338E-001
3.1399741854624019E+004   3.5995344164435735E+001   5.2540546016228129E+000   4.7236429293265578E+000   7.0241859434040543E-001
2.9959410193351538E+004   3.7995052617077526E+001   5.3055030461537296E+000   4.7300098042176293E+000   7.1540906682371941E-001
2.8812596348523828E+004   3.9994757841806283E+001   5.3535524141426816E+000   4.7358732632456881E+000   7.2770683276207926E-001
2.7126752573160698E+004   4.4994292987386658E+001   5.4609710688901547E+000   4.7486792649254310E+000   7.5580415677632762E-001
2.5001305270673060E+004   4.9994161097731435E+001   5.5542339839209696E+000   4.7594676293146678E+000   7.8085888551326177E-001
2.2709278613001556E+004   5.4994405586636560E+001   5.6364282012377798E+000   4.7687253127720863E+000   8.0344062725682952E-001
2.3342878150674787E+004   5.9994394437003223E+001   5.7088681979563640E+000   4.7765259797502830E+000   8.2405929165972980E-001
2.1406046530196909E+004   6.4995223827267793E+001   5.7744884305874260E+000   4.7834429030081687E+000   8.4303556145949043E-001
1.9903631086040721E+004   6.9995863683990294E+001   5.8340530257941356E+000   4.7895471109231043E+000   8.6060944323297317E-001
1.9597391617565609E+004   7.4996131670770339E+001   5.8882401193062686E+000   4.7949254973172541E+000   8.7694621720074040E-001
1.7864684148583652E+004   7.9997026590322776E+001   5.9382423303109109E+000   4.7997723070101195E+000   8.9225370331732834E-001
1.6912475443791023E+004   8.4997679188665927E+001   5.9844254275269746E+000   4.8041128923826806E+000   9.0666408118024000E-001
1.5958995409745772E+004   8.9997578881882276E+001   6.0272743891678218E+000   4.8080437080355010E+000   9.2022693069502315E-001
1.6674387796000618E+004   9.4997331124733975E+001   6.0670462354197570E+000   4.8115817361803241E+000   9.3303679753134316E-001
1.5489674946757608E+004   9.9997284587182889E+001   6.1045267883321950E+000   4.8148586383382970E+000   9.4522326967161652E-001
1.4575361922457816E+004   1.0499728742570660E+002   6.1397684883449912E+000   4.8178505555616358E+000   9.5686028523133737E-001
1.4343667283778641E+004   1.0999717931392770E+002   6.1728796803504853E+000   4.8205994413667117E+000   9.6791810962393365E-001
1.3492045848415117E+004   1.1499704311148049E+002   6.2042796617414924E+000   4.8231545469560073E+000   9.7850788914084430E-001
1.3426284611780562E+004   1.1999680115739613E+002   6.2339394435182554E+000   4.8255102981524214E+000   9.8862627763639710E-001
1.3297839742019669E+004   1.2499656478298951E+002   6.2621313939175822E+000   4.8277033514889141E+000   9.9833614616307642E-001
1.2005680188834109E+004   1.2999653328536661E+002   6.2892134793948662E+000   4.8297757154272922E+000   1.0077324610249627E+000
1.1646489551396775E+004   1.3499637147376714E+002   6.3148615169791080E+000   4.8316926014545514E+000   1.0167227077625636E+000
1.1691781192977391E+004   1.3999615010656586E+002   6.3392829670942143E+000   4.8334829835335231E+000   1.0253526686621737E+000
1.1058589463841952E+004   1.4499609719913923E+002   6.3627871555108904E+000   4.8351780200308934E+000   1.0337146898757730E+000
1.1666025650729685E+004   1.4999584858660026E+002   6.3850404106313485E+000   4.8367474656060327E+000   1.0417024262857220E+000
1.0698531642526115E+004   1.7499539390522420E+002   6.4851320334167060E+000   4.8434868709605201E+000   1.0782694269694260E+000
9.4150371178269816E+003   1.9999500708715445E+002   6.5694762686725872E+000   4.8487396163039929E+000   1.1099360539104224E+000
9.2469267785426855E+003   2.2499411992776268E+002   6.6421041229876936E+000   4.8529405933769123E+000   1.1378480269221352E+000
9.2834046279357244E+003   2.4999329845381251E+002   6.7057519344267851E+000   4.8563942645024465E+000   1.1627645903906123E+000
9.1980699950073304E+003   2.7499246083126116E+002   6.7623407401185247E+000   4.8592955483947256E+000   1.1852564254519242E+000
8.9648695902713516E+003   2.9999165534649285E+002   6.8132199400175564E+000   4.8617718896786153E+000   1.2057433428336608E+000
