-2.30259   -2.8319597887106265E+000
-1.89712   -2.3664508755806741E+000
-1.60944   -2.1127135221950715E+000
-1.3863   -1.9477991818243474E+000
-1.20398   -1.8174499918532443E+000
-1.17119   -1.7934877630576711E+000
-1.13944   -1.7662075199448857E+000
-1.10866   -1.7408582340039815E+000
-1.07881   -1.7160297288254163E+000
-1.04982   -1.6881265189226082E+000
-1.02165   -1.6598751840402892E+000
-0.994254   -1.6318421792617941E+000
-0.967586   -1.6025424807363482E+000
-0.941611   -1.5731222144568486E+000
-0.916293   -1.5397400454624210E+000
-0.79851   -1.3756423616980307E+000
-0.693149   -1.2029835544846765E+000
-0.597839   -1.0253138204204011E+000
-0.510828   -8.5452701707400791E-001
-0.430785   -6.9490028774032608E-001
-0.356677   -5.4422260518478449E-001
-0.287684   -4.0353400868587941E-001
-0.223146   -2.7111829243432289E-001
-0.162522   -1.4689908382145284E-001
-0.105363   -3.1712546130170320E-002
-0.0833844   1.1741335657996156E-002
-0.0618782   5.4927859153794514E-002
-0.0408248   9.6462102259213006E-002
-0.0202056   1.3697551144767436E-001
-2.89514e-06   1.7756149985305006E-001
0.0197997   2.1673087150033946E-001
0.0392178   2.5482345092905095E-001
0.058266   2.9220182994978505E-001
0.0769581   3.2919533631964693E-001
0.0953072   3.6561293863550548E-001
0.113326   4.0161933023743795E-001
0.131025   4.3827958302407011E-001
0.148417   4.7189474946901871E-001
0.165511   5.0475421942865661E-001
0.182318   5.3678828925833300E-001
0.198847   5.6806251090850590E-001
0.215108   5.9885186542939950E-001
0.231108   6.2905308539639226E-001
0.246857   6.5841550970235740E-001
0.262361   6.8720584103360383E-001
0.277628   7.1579527006169974E-001
0.292666   7.4337117587981427E-001
0.307481   7.7074217841865644E-001
0.32208   7.9779390765545899E-001
0.336469   8.2437039729427031E-001
0.350653   8.5004516181234324E-001
0.36464   8.7506011301234421E-001
0.378433   9.0030298197903946E-001
0.392039   9.2485875451626987E-001
0.405461   9.4837366741115414E-001
0.418707   9.7221343892274770E-001
0.431779   9.9524383003953476E-001
0.444682   1.0186844134030972E+000
0.457421   1.0406310286342231E+000
0.47   1.0626802191389975E+000
0.482422   1.0848506196206371E+000
0.494693   1.1059617794333136E+000
0.506814   1.1272809916734550E+000
0.51879   1.1482661033122294E+000
0.530624   1.1679980399286805E+000
0.542321   1.1883356105119460E+000
0.553881   1.2079190891854654E+000
0.56531   1.2276626980185505E+000
0.57661   1.2471506475642928E+000
0.587783   1.2660527182539640E+000
0.598833   1.2847911405122583E+000
0.609762   1.3030342333951641E+000
0.620573   1.3215158942928704E+000
0.631268   1.3396844825666494E+000
0.64185   1.3568342231194259E+000
0.652321   1.3743571168766273E+000
0.662684   1.3923166669852225E+000
0.672941   1.4092274696267397E+000
0.683093   1.4261911775002245E+000
0.693143   1.4430132013141146E+000
0.703094   1.4597275234856499E+000
0.712946   1.4749694027924596E+000
0.722702   1.4911831841936454E+000
0.732364   1.5081276372925547E+000
0.741933   1.5229321524327746E+000
0.751412   1.5386271375894838E+000
0.760802   1.5541936650516763E+000
0.770104   1.5689513833454352E+000
0.779321   1.5831371151421989E+000
0.788453   1.5982832836761458E+000
0.797503   1.6130171269658862E+000
0.806472   1.6274831108929011E+000
0.815361   1.6431008144438557E+000
0.824172   1.6552318188897726E+000
0.832905   1.6712098995318765E+000
0.841563   1.6838457009950250E+000
0.850147   1.6968983976753922E+000
0.858658   1.7112692716457640E+000
0.867097   1.7257532163440952E+000
0.875465   1.7372357645683161E+000
0.883764   1.7514011858676877E+000
0.891994   1.7633041705167918E+000
0.900157   1.7777965008863141E+000
0.908255   1.7886931219680522E+000
0.916287   1.8039348794351440E+000
0.924255   1.8139780251198070E+000
0.93216   1.8289772612818898E+000
0.940003   1.8397301595197177E+000
0.947785   1.8515718830880661E+000
0.955508   1.8625958359808537E+000
0.96317   1.8749524455808613E+000
0.970775   1.8863911475926900E+000
0.978322   1.8985176660601168E+000
0.985813   1.9096949731407360E+000
0.993248   1.9219927680207103E+000
1.00063   1.9338714320626949E+000
1.00795   1.9452151089271299E+000
1.01523   1.9558580972296000E+000
1.02245   1.9676345058488536E+000
1.02962   1.9794298468454663E+000
1.09861   2.0847802196053928E+000
1.16315   2.1828895431307576E+000
1.22377   2.2747004314499177E+000
1.28093   2.3612128993800940E+000
1.335   2.4403594560942170E+000
1.38629   2.5182797451664927E+000
1.43508   2.5922698476283084E+000
1.4816   2.6559855585373464E+000
1.52605   2.7215941673153705E+000
1.56861   2.7838565089326206E+000
1.60943   2.8431235782192310E+000
1.64865   2.9000675849773745E+000
1.68639   2.9536478739865499E+000
1.72276   3.0033744563995168E+000
1.75785   3.0578183951810947E+000
1.79176   3.1012478468564941E+000
1.82454   3.1486983909522004E+000
1.85629   3.1952431891373956E+000
1.88707   3.2349472579915926E+000
1.91692   3.2777089597263167E+000
1.94591   3.3166656964934229E+000
1.97408   3.3548798589693765E+000
2.00148   3.3955215885406571E+000
2.02814   3.4279593487884643E+000
2.05412   3.4630372423482756E+000
2.07944   3.5008925673593239E+000
2.19722   3.6547036098139563E+000
2.30256   3.7961996287472508E+000
2.39786   3.9160268071337785E+000
2.48487   4.0279043667215291E+000
2.56491   4.1278874464108677E+000
2.63901   4.2186491546939502E+000
2.708   4.3039813314075088E+000
2.77253   4.3790023524320603E+000
2.83315   4.4512054679972426E+000
2.8903   4.5196754227386142E+000
2.94436   4.5803430304985060E+000
2.99564   4.6384000124828262E+000
3.09094   4.7447720501386419E+000
3.17793   4.8384122244945598E+000
3.25796   4.9249183516565740E+000
3.33205   5.0014196675458162E+000
3.40103   5.0716833558712358E+000
3.46555   5.1375122365273276E+000
3.52616   5.1959760288197909E+000
3.58331   5.2506686546433228E+000
3.63736   5.3023302256456573E+000
3.68865   5.3506601243499219E+000
3.80642   5.4585473967342004E+000
3.91178   5.5517415079401458E+000
4.0071   5.6353516588448249E+000
4.09412   5.7097363797946237E+000
4.17417   5.7734906960063874E+000
4.24829   5.8333094514284509E+000
4.3173   5.8869489353448836E+000
4.38186   5.9366983521036891E+000
4.4425   5.9840727609675000E+000
4.49966   6.0270489937021727E+000
4.55373   6.0661483933453315E+000
4.60502   6.1046563811305576E+000
4.65382   6.1392941463462209E+000
4.70035   6.1736928737581218E+000
4.7448   6.2039151613972496E+000
4.78735   6.2337673811747631E+000
4.82817   6.2608447176484567E+000
4.86738   6.2876267391757565E+000
4.90513   6.3138992808720564E+000
4.94149   6.3387716525210855E+000
4.97658   6.3616675174268451E+000
5.01049   6.3837387590414210E+000
5.16466   6.4847200536915848E+000
5.29819   6.5686713828108694E+000
5.41597   6.6414765305503956E+000
5.52133   6.7045676244111823E+000
5.61664   6.7615987664247932E+000
5.70365   6.8123968707447782E+000
