9.9999733935908941E-002   0.113279
1.4999963760297544E-001   0.164497
1.9999952475838295E-001   0.204712
2.4999941602926828E-001   0.241712
2.9999932953336395E-001   0.27605
3.0999929932839010E-001   0.282608
3.1999934303016503E-001   0.290525
3.2999933303294471E-001   0.297683
3.3999930815030799E-001   0.304668
3.4999929095546201E-001   0.312659
3.5999927003684840E-001   0.320766
3.6999924482690866E-001   0.328839
3.7999921983838680E-001   0.337321
3.8999919154384322E-001   0.34586
3.9999917165502441E-001   0.355481
4.4999902957174620E-001   0.402034
4.9999888733001929E-001   0.44829
5.4999876000246561E-001   0.488653
5.9999862939209803E-001   0.526826
6.4999848822407713E-001   0.562808
6.9999834079390522E-001   0.599149
7.4999818058885548E-001   0.638619
7.9999800245946717E-001   0.682141
8.4999778590555641E-001   0.729462
8.9999756897290428E-001   0.778982
9.1999745391667653E-001   0.799202
9.3999740625607675E-001   0.8194
9.5999731309133018E-001   0.839579
9.7999720713263905E-001   0.859664
9.9999710486561444E-001   0.880052
1.0199970497656174E+000   0.899659
1.0399969585086668E+000   0.91872
1.0599968799278781E+000   0.937006
1.0799968153440447E+000   0.954609
1.0999966834712978E+000   0.971004
1.1199965640961547E+000   0.986097
1.1399962123868947E+000   0.998746
1.1599961381489505E+000   1.00909
1.1799960467729376E+000   1.01659
1.1999959230272659E+000   1.02213
1.2199957805100006E+000   1.02612
1.2399957124445897E+000   1.02971
1.2599956450733449E+000   1.03311
1.2799955241018579E+000   1.03626
1.2999955161219305E+000   1.03995
1.3199954493709620E+000   1.04319
1.3399952773219337E+000   1.04596
1.3599951903410514E+000   1.049
1.3799951461168087E+000   1.0522
1.3999950894384914E+000   1.05538
1.4199949657739812E+000   1.0582
1.4399948168812104E+000   1.06092
1.4599947768676442E+000   1.0641
1.4799946922807667E+000   1.06713
1.4999945034779603E+000   1.06973
1.5199944512571182E+000   1.07285
1.5399943211183094E+000   1.07573
1.5599943148154616E+000   1.07905
1.5799941424616450E+000   1.0818
1.5999940412972198E+000   1.08482
1.6199940134713988E+000   1.08806
1.6399938735138477E+000   1.09098
1.6599938234971356E+000   1.09422
1.6799937541983279E+000   1.09742
1.6999935404864468E+000   1.10033
1.7199935037157785E+000   1.10359
1.7399933405072960E+000   1.10675
1.7599933017853637E+000   1.11004
1.7799932504907412E+000   1.11336
1.7999931482660834E+000   1.11666
1.8199930557137933E+000   1.12001
1.8399929267587807E+000   1.12339
1.8599928851903087E+000   1.12683
1.8799928310237035E+000   1.13032
1.8999926290449383E+000   1.13386
1.9199925569821059E+000   1.13739
1.9399925815177137E+000   1.14094
1.9599924840699605E+000   1.14456
1.9799924113614584E+000   1.14824
1.9999923422922987E+000   1.15195
2.0199922775943775E+000   1.15573
2.0399921051280843E+000   1.15949
2.0599920465925177E+000   1.16331
2.0799920400332286E+000   1.16727
2.0999919064117560E+000   1.17108
2.1199918390870942E+000   1.17506
2.1399917710625709E+000   1.17907
2.1599916679441611E+000   1.1831
2.1799915342020149E+000   1.18726
2.1999914818295032E+000   1.19137
2.2199914079453427E+000   1.19555
2.2399913264196893E+000   1.19979
2.2599912967602296E+000   1.20414
2.2799911222278535E+000   1.20848
2.2999911283193066E+000   1.21282
2.3199910014532565E+000   1.21714
2.3399908892725159E+000   1.22161
2.3599908421389273E+000   1.22604
2.3799907926614847E+000   1.23063
2.3999906460140381E+000   1.23513
2.4199906001470977E+000   1.23967
2.4399904745856436E+000   1.24432
2.4599904447387333E+000   1.24894
2.4799902969727743E+000   1.25366
2.4999902938077567E+000   1.25839
2.5199901336452109E+000   1.26306
2.5399901249150063E+000   1.26785
2.5599900000283111E+000   1.27252
2.5799899053697559E+000   1.27731
2.5999897849864717E+000   1.28222
2.6199897150164060E+000   1.287
2.6399896137797221E+000   1.29193
2.6599895439431345E+000   1.29673
2.6799894405009610E+000   1.30172
2.6999893816507257E+000   1.30652
2.7199893081064013E+000   1.31142
2.7399892227912046E+000   1.31638
2.7599891181985718E+000   1.32138
2.7799890507081604E+000   1.32629
2.7999889831616303E+000   1.33127
2.9999881019308741E+000   1.38173
3.1999872248388717E+000   1.43285
3.3999863411182183E+000   1.48411
3.5999854708259047E+000   1.53525
3.7999845482514671E+000   1.58618
3.9999836872890731E+000   1.63654
4.1999828067147975E+000   1.68671
4.3999817723770711E+000   1.73611
4.5999808632547587E+000   1.78481
4.7999799434227279E+000   1.83304
4.9999790080412634E+000   1.88074
5.1999780818881067E+000   1.92796
5.3999771248503503E+000   1.97449
5.5999761019990517E+000   2.0207
5.7999752959284088E+000   2.06637
5.9999742081988030E+000   2.11106
6.1999733065595688E+000   2.1554
6.3999724242009410E+000   2.19961
6.5999713664138264E+000   2.2428
6.7999704640606344E+000   2.28581
6.9999694647872959E+000   2.32828
7.1999684796860137E+000   2.37032
7.3999676294752428E+000   2.41225
7.5999664853517430E+000   2.45321
7.7999654905570015E+000   2.49397
7.9999646661454245E+000   2.53441
8.9999497091038467E+000   2.73
9.9997454959924337E+000   2.91582
1.0999666425338610E+001   3.0941
1.1999573894191220E+001   3.26468
1.2999465952445732E+001   3.42877
1.3999341320048437E+001   3.58695
1.4999201754376880E+001   3.73934
1.5999041975653622E+001   3.88735
1.6998868332869709E+001   4.02992
1.7998679875478658E+001   4.1685
1.8998465872775139E+001   4.3031
1.9998235595048101E+001   4.43416
2.1997721671876246E+001   4.68599
2.3997120557293293E+001   4.92662
2.5996466042578867E+001   5.15519
2.7995709340737683E+001   5.37498
2.9994873402381106E+001   5.58673
3.1994096068308366E+001   5.79186
3.3993211433868900E+001   5.99104
3.5992333141340531E+001   6.18597
3.7991537143243342E+001   6.37595
3.9990746529837004E+001   6.56071
4.4989102056118270E+001   7.00631
4.9987791942646147E+001   7.42905
5.4987146316624937E+001   7.82791
5.9986408607193979E+001   8.21199
6.4985852099082862E+001   8.582
6.9985975842263173E+001   8.9375
7.4986157921076426E+001   9.28347
7.9986914307325463E+001   9.61936
8.4987409867058105E+001   9.94159
8.9986602533322483E+001   10.259
9.4985596127483589E+001   10.5697
9.9985379685537126E+001   10.8699
1.0498486244539158E+002   11.163
1.0998522119032393E+002   11.4586
1.1498460693200111E+002   11.7369
1.1998356614807503E+002   12.0186
1.2498173573877233E+002   12.2931
1.2998052826149046E+002   12.564
1.3497998243319907E+002   12.8299
1.3997929411984907E+002   13.0903
1.4497813028594348E+002   13.348
1.4997788858382700E+002   13.5828
1.7497796946848922E+002   14.7025
1.9997482119551790E+002   15.812
2.2497071749900721E+002   16.8584
2.4996650295146395E+002   17.8542
2.7496436883091951E+002   18.8026
2.9996029535980313E+002   19.7149
