9.9999733935908941E-002   0.00147245
1.4999963760297544E-001   0.0043008
1.9999952475838295E-001   0.00771412
2.4999941602926828E-001   0.0112772
2.9999932953336395E-001   0.0152247
3.0999929932839010E-001   0.0160884
3.1999934303016503E-001   0.0171314
3.2999933303294471E-001   0.0181611
3.3999930815030799E-001   0.0192296
3.4999929095546201E-001   0.0205056
3.5999927003684840E-001   0.0218839
3.6999924482690866E-001   0.0233431
3.7999921983838680E-001   0.0249722
3.8999919154384322E-001   0.0267225
3.9999917165502441E-001   0.0288576
4.4999902957174620E-001   0.0421073
4.9999888733001929E-001   0.0626638
5.4999876000246561E-001   0.0943379
5.9999862939209803E-001   0.139789
6.4999848822407713E-001   0.201883
6.9999834079390522E-001   0.285613
7.4999818058885548E-001   0.394881
7.9999800245946717E-001   0.535651
8.4999778590555641E-001   0.713019
8.9999756897290428E-001   0.929581
9.1999745391667653E-001   1.0274
9.3999740625607675E-001   1.13482
9.5999731309133018E-001   1.24871
9.7999720713263905E-001   1.3708
9.9999710486561444E-001   1.50509
1.0199970497656174E+000   1.64714
1.0399969585086668E+000   1.79814
1.0599968799278781E+000   1.95976
1.0799968153440447E+000   2.134
1.0999966834712978E+000   2.32067
