1.1199965640961547E+000   2.52127
1.1399962123868947E+000   2.74334
1.1599961381489505E+000   2.96411
1.1799960467729376E+000   3.19709
1.1999959230272659E+000   3.44182
1.2199957805100006E+000   3.69881
1.2399957124445897E+000   3.97056
1.2599956450733449E+000   4.2565
1.2799955241018579E+000   4.55424
1.2999955161219305E+000   4.86638
1.3199954493709620E+000   5.19751
1.3399952773219337E+000   5.53823
1.3599951903410514E+000   5.89851
1.3799951461168087E+000   6.2776
1.3999950894384914E+000   6.67376
1.4199949657739812E+000   7.08019
1.4399948168812104E+000   7.49998
1.4599947768676442E+000   7.94883
1.4799946922807667E+000   8.41122
1.4999945034779603E+000   8.8792
1.5199944512571182E+000   9.38023
1.5399943211183094E+000   9.89108
1.5599943148154616E+000   10.4396
1.5799941424616450E+000   10.9807
1.5999940412972198E+000   11.5526
1.6199940134713988E+000   12.1577
1.6399938735138477E+000   12.7633
1.6599938234971356E+000   13.4054
1.6799937541983279E+000   14.0691
1.6999935404864468E+000   14.7231
1.7199935037157785E+000   15.4289
1.7399933405072960E+000   16.1406
1.7599933017853637E+000   16.8913
1.7799932504907412E+000   17.6665
1.7999931482660834E+000   18.4524
1.8199930557137933E+000   19.266
1.8399929267587807E+000   20.0925
1.8599928851903087E+000   20.966
1.8799928310237035E+000   21.8617
1.8999926290449383E+000   22.7423
1.9199925569821059E+000   23.6787
1.9399925815177137E+000   24.6784
1.9599924840699605E+000   25.6583
1.9799924113614584E+000   26.6803
1.9999923422922987E+000   27.734
2.0199922775943775E+000   28.8222
2.0399921051280843E+000   29.8517
2.0599920465925177E+000   30.9873
2.0799920400332286E+000   32.2202
2.0999919064117560E+000   33.3374
2.1199918390870942E+000   34.5642
2.1399917710625709E+000   35.8256
2.1599916679441611E+000   37.0639
2.1799915342020149E+000   38.2946
2.1999914818295032E+000   39.6537
2.2199914079453427E+000   41.022
2.2399913264196893E+000   42.4114
2.2599912967602296E+000   43.9644
2.2799911222278535E+000   45.2097
2.2999911283193066E+000   46.904
2.3199910014532565E+000   48.2887
2.3399908892725159E+000   49.7621
2.3599908421389273E+000   51.4362
2.3799907926614847E+000   53.1806
2.3999906460140381E+000   54.6054
2.4199906001470977E+000   56.4159
2.4399904745856436E+000   57.9835
2.4599904447387333E+000   59.951
2.4799902969727743E+000   61.4742
2.4999902938077567E+000   63.67
2.5199901336452109E+000   65.1595
2.5399901249150063E+000   67.4493
2.5599900000283111E+000   69.1401
2.5799899053697559E+000   71.0513
2.5999897849864717E+000   72.8779
2.6199897150164060E+000   74.9812
2.6399896137797221E+000   76.9823
2.6599895439431345E+000   79.1622
2.6799894405009610E+000   81.226
2.6999893816507257E+000   83.5589
2.7199893081064013E+000   85.8759
2.7399892227912046E+000   88.1485
2.7599891181985718E+000   90.3354
2.7799890507081604E+000   92.8185
2.7999889831616303E+000   95.374
2.9999881019308741E+000   121.557
3.1999872248388717E+000   152.367
3.3999863411182183E+000   188.235
3.5999854708259047E+000   229.727
3.7999845482514671E+000   275.651
3.9999836872890731E+000   329.822
4.1999828067147975E+000   391.084
4.3999817723770711E+000   452.883
4.5999808632547587E+000   526.737
4.7999799434227279E+000   607.934
4.9999790080412634E+000   696.825
5.1999780818881067E+000   794.452
5.3999771248503503E+000   898.769
5.5999761019990517E+000   1007.8
5.7999752959284088E+000   1142.4
5.9999742081988030E+000   1262.55
6.1999733065595688E+000   1408.31
6.3999724242009410E+000   1567.63
6.5999713664138264E+000   1717.7
6.7999704640606344E+000   1895.44
6.9999694647872959E+000   2073.32
7.1999684796860137E+000   2264.02
7.3999676294752428E+000   2486.12
7.5999664853517430E+000   2678.92
7.7999654905570015E+000   2904.27
7.9999646661454245E+000   3168.78
8.9999497091038467E+000   4515.48
9.9997454959924337E+000   6254.6
1.0999666425338610E+001   8241.89
1.1999573894191220E+001   10663.6
1.2999465952445732E+001   13424.2
1.3999341320048437E+001   16544.3
1.4999201754376880E+001   20136.4
1.5999041975653622E+001   23933.3
1.6998868332869709E+001   28262.2
1.7998679875478658E+001   33088.4
1.8998465872775139E+001   38049
1.9998235595048101E+001   43491.1
2.1997721671876246E+001   55561.3
2.3997120557293293E+001   68930.6
2.5996466042578867E+001   84123.7
2.7995709340737683E+001   100327
2.9994873402381106E+001   117946
3.1994096068308366E+001   137250
3.3993211433868900E+001   157028
3.5992333141340531E+001   178102
3.7991537143243342E+001   200600
3.9990746529837004E+001   224213
4.4989102056118270E+001   287440
4.9987791942646147E+001   356239
5.4987146316624937E+001   431869
5.9986408607193979E+001   512550
6.4985852099082862E+001   593596
6.9985975842263173E+001   681255
7.4986157921076426E+001   770813
7.9986914307325463E+001   864367
8.4987409867058105E+001   963991
8.9986602533322483E+001   1.06426e+06
9.4985596127483589E+001   1.16452e+06
9.9985379685537126E+001   1.2725e+06
1.0498486244539158E+002   1.37814e+06
1.0998522119032393E+002   1.49174e+06
1.1498460693200111E+002   1.59925e+06
1.1998356614807503E+002   1.71304e+06
1.2498173573877233E+002   1.82324e+06
1.2998052826149046E+002   1.93922e+06
1.3497998243319907E+002   2.06015e+06
1.3997929411984907E+002   2.18158e+06
1.4497813028594348E+002   2.29968e+06
1.4997788858382700E+002   2.41957e+06
1.7497796946848922E+002   3.05295e+06
1.9997482119551790E+002   3.704e+06
2.2497071749900721E+002   4.38002e+06
2.4996650295146395E+002   5.06486e+06
2.7496436883091951E+002   5.77562e+06
2.9996029535980313E+002   6.49227e+06
