1.3769605774106817E+009   9.9999733935908941E-002   -2.8319597887106265E+000   3.5262738110232501E+000   -9.4585036421969970E-001
5.9497787415310931E+008   1.4999963760297544E-001   -2.3664508755806741E+000   3.5616469225275487E+000   -7.8384213066332031E-001
4.5816251950537902E+008   1.9999952475838295E-001   -2.1127135221950715E+000   3.5775883316919543E+000   -6.8885627229933100E-001
3.8770355828131330E+008   2.4999941602926828E-001   -1.9477991818243474E+000   3.5827398364060850E+000   -6.1670211154223031E-001
3.0064700991883284E+008   2.9999932953336395E-001   -1.8174499918532443E+000   3.5864818281420452E+000   -5.5901150002859878E-001
3.0765543456528676E+008   3.0999929932839010E-001   -1.7934877630576711E+000   3.5873745818587963E+000   -5.4881589306431389E-001
1.9302484355458158E+008   3.1999934303016503E-001   -1.7662075199448857E+000   3.5881949861774336E+000   -5.3681658014519595E-001
1.7137429802448246E+008   3.2999933303294471E-001   -1.7408582340039815E+000   3.5892466881234895E+000   -5.2624534106685528E-001
1.7227530702424729E+008   3.3999930815030799E-001   -1.7160297288254163E+000   3.5904177770514929E+000   -5.1617326633358140E-001
1.6175136208631128E+008   3.4999929095546201E-001   -1.6881265189226082E+000   3.5917714129204628E+000   -5.0492893312011577E-001
1.5614170425475058E+008   3.5999927003684840E-001   -1.6598751840402892E+000   3.5932755930871974E+000   -4.9381162601242556E-001
1.5543798693837446E+008   3.6999924482690866E-001   -1.6318421792617941E+000   3.5948866340589740E+000   -4.8301720556673178E-001
1.5345795103748962E+008   3.7999921983838680E-001   -1.6025424807363482E+000   3.5966811247000710E+000   -4.7195633758620115E-001
1.5416156144884714E+008   3.8999919154384322E-001   -1.5731222144568486E+000   3.5986080710513315E+000   -4.6110009714897360E-001
1.4545828675904387E+008   3.9999917165502441E-001   -1.5397400454624210E+000   3.6009953400992512E+000   -4.4918355074759914E-001
1.3278409828900026E+008   4.4999902957174620E-001   -1.3756423616980307E+000   3.6152968251043092E+000   -3.9573767887551964E-001
1.1004142726651433E+008   4.9999888733001929E-001   -1.2029835544846765E+000   3.6348132671446991E+000   -3.4844115934962239E-001
8.3986452493554756E+007   5.4999876000246561E-001   -1.0253138204204011E+000   3.6605100250040050E+000   -3.1099980803609717E-001
6.5416036527728453E+007   5.9999862939209803E-001   -8.5452701707400791E-001   3.6868733490563081E+000   -2.7833305446750645E-001
5.2976387601843789E+007   6.4999848822407713E-001   -6.9490028774032608E-001   3.7124334177525569E+000   -2.4963982719316263E-001
4.3716432907035887E+007   6.9999834079390522E-001   -5.4422260518478449E-001   3.7365155016376401E+000   -2.2246515368555925E-001
3.7044729222570613E+007   7.4999818058885548E-001   -4.0353400868587941E-001   3.7578342041613597E+000   -1.9475826048354558E-001
3.2216528821679786E+007   7.9999800245946717E-001   -2.7111829243432289E-001   3.7766219648791246E+000   -1.6612592379329644E-001
2.9324659054224681E+007   8.4999778590555641E-001   -1.4689908382145284E-001   3.7931123517094543E+000   -1.3699709314752184E-001
2.6209029421705276E+007   8.9999756897290428E-001   -3.1712546130170320E-002   3.8076466185026447E+000   -1.0847235788826111E-001
2.5781349537758771E+007   9.1999745391667653E-001   1.1741335657996156E-002   3.8129456376597921E+000   -9.7343455308472257E-002
2.3535193573307071E+007   9.3999740625607675E-001   5.4927859153794514E-002   3.8183225673131216E+000   -8.6504052867232686E-002
2.2564976463481247E+007   9.5999731309133018E-001   9.6462102259213006E-002   3.8234232545847986E+000   -7.5938305857877766E-002
2.1882979092719022E+007   9.7999720713263905E-001   1.3697551144767436E-001   3.8284181768699930E+000   -6.5671445834035724E-002
2.1118191152939651E+007   9.9999710486561444E-001   1.7756149985305006E-001   3.8334747769805380E+000   -5.5491651852437977E-002
1.9540490035389595E+007   1.0199970497656174E+000   2.1673087150033946E-001   3.8384822680305954E+000   -4.5921948128906938E-002
1.8680395865892000E+007   1.0399969585086668E+000   2.5482345092905095E-001   3.8434529335708545E+000   -3.6816989495069521E-002
1.7677244768460874E+007   1.0599968799278781E+000   2.9220182994978505E-001   3.8485178577774697E+000   -2.8257648397933235E-002
1.6568142527071428E+007   1.0799968153440447E+000   3.2919533631964693E-001   3.8537246525655369E+000   -2.0174484789136471E-002
1.6379387651445983E+007   1.0999966834712978E+000   3.6561293863550548E-001   3.8591312605139816E+000   -1.2778899528097543E-002
1.6008371690746477E+007   1.1199965640961547E+000   4.0161933023743795E-001   3.8647834943320518E+000   -6.0801713632708297E-003
1.8060847875589129E+007   1.1399962123868947E+000   4.3827958302407011E-001   3.8711809998206812E+000   -5.4505594721231414E-004
1.7093939687333751E+007   1.1599961381489505E+000   4.7189474946901871E-001   3.8773469336286555E+000   3.9306596593124497E-003
1.6368867707968555E+007   1.1799960467729376E+000   5.0475421942865661E-001   3.8839546618666461E+000   7.1449381631495451E-003
1.5975103804681681E+007   1.1999959230272659E+000   5.3678828925833300E-001   3.8907823815556681E+000   9.5065336999440413E-003
1.5748800336110083E+007   1.2199957805100006E+000   5.6806251090850590E-001   3.8977541327639438E+000   1.1200142108479149E-002
1.4950389877719514E+007   1.2399957124445897E+000   5.9885186542939950E-001   3.9046946272047034E+000   1.2713830487406604E-002
1.4205197787516370E+007   1.2599956450733449E+000   6.2905308539639226E-001   3.9115283137343879E+000   1.4147067411534889E-002
1.3872119493203830E+007   1.2799955241018579E+000   6.5841550970235740E-001   3.9182074285662760E+000   1.5470049900739835E-002
1.2813512107073657E+007   1.2999955161219305E+000   6.8720584103360383E-001   3.9246343091525882E+000   1.7011454393739266E-002
1.2205117644155355E+007   1.3199954493709620E+000   7.1579527006169974E-001   3.9311052701445703E+000   1.8364246923823258E-002
1.2246094079232844E+007   1.3399952773219337E+000   7.4337117587981427E-001   3.9374231154893469E+000   1.9516509143327674E-002
1.1792745369634280E+007   1.3599951903410514E+000   7.7074217841865644E-001   3.9436365978292138E+000   2.0775045733014363E-002
1.1141197701722194E+007   1.3799951461168087E+000   7.9779390765545899E-001   3.9497369554725759E+000   2.2100195064692723E-002
1.0595749834972342E+007   1.3999950894384914E+000   8.2437039729427031E-001   3.9557258727102846E+000   2.3410605408679119E-002
1.0401205225454327E+007   1.4199949657739812E+000   8.5004516181234324E-001   3.9615667981717508E+000   2.4566136744783442E-002
1.0322864904457200E+007   1.4399948168812104E+000   8.7506011301234421E-001   3.9672621139736455E+000   2.5682980740995259E-002
9.7678316602818742E+006   1.4599947768676442E+000   9.0030298197903946E-001   3.9729222758764577E+000   2.6984091418718364E-002
9.4317998582576755E+006   1.4799946922807667E+000   9.2485875451626987E-001   3.9784454885478242E+000   2.8215552344600495E-002
9.5226866918703206E+006   1.4999945034779603E+000   9.4837366741115414E-001   3.9837946851849879E+000   2.9274615517714625E-002
9.0788371705869827E+006   1.5199944512571182E+000   9.7221343892274770E-001   3.9891230267555495E+000   3.0537818132388043E-002
8.9414726976327822E+006   1.5399943211183094E+000   9.9524383003953476E-001   3.9942981444216126E+000   3.1702778358655606E-002
8.3771234065614697E+006   1.5599943148154616E+000   1.0186844134030972E+000   3.9994886702918166E+000   3.3042018300028606E-002
8.3991782955980636E+006   1.5799941424616450E+000   1.0406310286342231E+000   4.0044232309186878E+000   3.4146204661849124E-002
8.1840184378253026E+006   1.5999940412972198E+000   1.0626802191389975E+000   4.0093301209501497E+000   3.5357019851311546E-002
7.7527546061986778E+006   1.6199940134713988E+000   1.0848506196206371E+000   4.0142239087655369E+000   3.6654644461358479E-002
7.6751988162003020E+006   1.6399938735138477E+000   1.1059617794333136E+000   4.0189203253515862E+000   3.7817391195598432E-002
7.3423861121252226E+006   1.6599938234971356E+000   1.1272809916734550E+000   4.0236072286410929E+000   3.9103190736655337E-002
7.0791213913974212E+006   1.6799937541983279E+000   1.1482661033122294E+000   4.0282177792799505E+000   4.0374645278327126E-002
7.2077604014730230E+006   1.6999935404864468E+000   1.1679980399286805E+000   4.0325759610073924E+000   4.1524250131669445E-002
6.8728512730362015E+006   1.7199935037157785E+000   1.1883356105119460E+000   4.0370192106915033E+000   4.2806536055080190E-002
6.8639664135434423E+006   1.7399933405072960E+000   1.2079190891854654E+000   4.0412942904144824E+000   4.4048115945881615E-002
6.5577597139456403E+006   1.7599933017853637E+000   1.2276626980185505E+000   4.0455856206439789E+000   4.5337259903429940E-002
6.2956150826557772E+006   1.7799932504907412E+000   1.2471506475642928E+000   4.0498081510790698E+000   4.6636173806121541E-002
6.1572687767460272E+006   1.7999931482660834E+000   1.2660527182539640E+000   4.0538912549272332E+000   4.7921001454627778E-002
6.0033916313710827E+006   1.8199930557137933E+000   1.2847911405122583E+000   4.0579253017412613E+000   4.9222118955719041E-002
5.9299072905574534E+006   1.8399929267587807E+000   1.3030342333951641E+000   4.0618309376205417E+000   5.0532393638612776E-002
5.6843690654532732E+006   1.8599928851903087E+000   1.3215158942928704E+000   4.0657885567495580E+000   5.1857985829433219E-002
5.4740787357306229E+006   1.8799928310237035E+000   1.3396844825666494E+000   4.0696588987735121E+000   5.3201595918414217E-002
5.5453832240575543E+006   1.8999926290449383E+000   1.3568342231194259E+000   4.0732671492029349E+000   5.4559965335956626E-002
5.3774088634644104E+006   1.9199925569821059E+000   1.3743571168766273E+000   4.0769730421447896E+000   5.5909626330848720E-002
5.0498445136010433E+006   1.9399925815177137E+000   1.3923166669852225E+000   4.0807863789525580E+000   5.7262727769607814E-002
4.9422899693413647E+006   1.9599924840699605E+000   1.4092274696267397E+000   4.0843264260888521E+000   5.8638034817778968E-002
4.7985632203654302E+006   1.9799924113614584E+000   1.4261911775002245E+000   4.0878706835111132E+000   6.0031373909999963E-002
4.6549384136535758E+006   1.9999923422922987E+000   1.4430132013141146E+000   4.0913744937584200E+000   6.1434765322330366E-002
4.5104412980703851E+006   2.0199922775943775E+000   1.4597275234856499E+000   4.0948420798375977E+000   6.2856754249743282E-002
4.5303124303169278E+006   2.0399921051280843E+000   1.4749694027924596E+000   4.0979474665047126E+000   6.4266920568916974E-002
4.3832141430192534E+006   2.0599920465925177E+000   1.4911831841936454E+000   4.1012868849558837E+000   6.5694974367168452E-002
4.1701919158652383E+006   2.0799920400332286E+000   1.5081276372925547E+000   4.1047853330551556E+000   6.7170304718079110E-002
4.1382774186367295E+006   2.0999919064117560E+000   1.5229321524327746E+000   4.1077777359614522E+000   6.8587756475595438E-002
4.0192173326539109E+006   2.1199918390870942E+000   1.5386271375894838E+000   4.1109661729700067E+000   7.0058375036842827E-002
3.9057111565087182E+006   2.1399917710625709E+000   1.5541936650516763E+000   4.1141171519389959E+000   7.1539680829961025E-002
3.8389625456777923E+006   2.1599916679441611E+000   1.5689513833454352E+000   4.1170663796428970E+000   7.3020084569036761E-002
3.8113040491345045E+006   2.1799915342020149E+000   1.5831371151421989E+000   4.1198501124425233E+000   7.4545484868166506E-002
3.6876407103689476E+006   2.1999914818295032E+000   1.5982832836761458E+000   4.1228859726811242E+000   7.6046848657937482E-002
3.5934820856804200E+006   2.2199914079453427E+000   1.6130171269658862E+000   4.1258089113228005E+000   7.7567893019455533E-002
3.5111457898262772E+006   2.2399913264196893E+000   1.6274831108929011E+000   4.1286572786807225E+000   7.9104150267118742E-002
3.3763362568491586E+006   2.2599912967602296E+000   1.6431008144438557E+000   4.1317744563534911E+000   8.0678646697059098E-002
3.3971706172001706E+006   2.2799911222278535E+000   1.6552318188897726E+000   4.1340263675799953E+000   8.2240326467008851E-002
3.2330889255052754E+006   2.2999911283193066E+000   1.6712098995318765E+000   4.1372432062418261E+000   8.3795689464400400E-002
3.2059086248161537E+006   2.3199910014532565E+000   1.6838457009950250E+000   4.1396291019936120E+000   8.5341798692401258E-002
3.1655688992149741E+006   2.3399908892725159E+000   1.6968983976753922E+000   4.1420962566317066E+000   8.6933837756396293E-002
3.0644158242506403E+006   2.3599908421389273E+000   1.7112692716457640E+000   4.1449044362870229E+000   8.8502915430950055E-002
2.9696256944822017E+006   2.3799907926614847E+000   1.7257532163440952E+000   4.1477132592276238E+000   9.0127241898913121E-002
2.9640650006493134E+006   2.3999906460140381E+000   1.7372357645683161E+000   4.1497912840710933E+000   9.1712466324085223E-002
2.8709195935163810E+006   2.4199906001470977E+000   1.7514011858676877E+000   4.1525356966645921E+000   9.3306351786772088E-002
2.8475543147243783E+006   2.4399904745856436E+000   1.7633041705167918E+000   4.1546988272689296E+000   9.4931582902650302E-002
2.7458750998505130E+006   2.4599904447387333E+000   1.7777965008863141E+000   4.1575161391069670E+000   9.6543124411337569E-002
2.7425570789858489E+006   2.4799902969727743E+000   1.7886931219680522E+000   4.1594223453981733E+000   9.8179022369792410E-002
2.6254390922283083E+006   2.4999902938077567E+000   1.8039348794351440E+000   4.1624147562380527E+000   9.9815079423578965E-002
2.6320153901359946E+006   2.5199901336452109E+000   1.8139780251198070E+000   4.1641208313479057E+000   1.0142450204620493E-001
2.5251332151435269E+006   2.5399901249150063E+000   1.8289772612818898E+000   4.1670483743142208E+000   1.0306903419461759E-001
2.5060797985527730E+006   2.5599900000283111E+000   1.8397301595197177E+000   4.1689385639830574E+000   1.0466510397585876E-001
2.4659613163410798E+006   2.5799899053697559E+000   1.8515718830880661E+000   4.1710836721535989E+000   1.0629574941894872E-001
2.4450246988801630E+006   2.5999897849864717E+000   1.8625958359808537E+000   4.1730070641283357E+000   1.0796094191586791E-001
2.3891038357408913E+006   2.6199897150164060E+000   1.8749524455808613E+000   4.1752867753402585E+000   1.0957982429202709E-001
2.3560253657207540E+006   2.6399896137797221E+000   1.8863911475926900E+000   4.1773164009539654E+000   1.1123992407052839E-001
2.3031833028948638E+006   2.6599895439431345E+000   1.8985176660601168E+000   4.1795428135486912E+000   1.1285035811479029E-001
2.2728524448721777E+006   2.6799894405009610E+000   1.9096949731407360E+000   4.1815031725610812E+000   1.1451829363031966E-001
2.2160080755727477E+006   2.6999893816507257E+000   1.9219927680207103E+000   4.1837782676781892E+000   1.1611700083608985E-001
2.1696281476562042E+006   2.7199893081064013E+000   1.9338714320626949E+000   4.1859351086518917E+000   1.1774265090967836E-001
2.1315563660496632E+006   2.7399892227912046E+000   1.9452151089271299E+000   4.1879522788534063E+000   1.1938014893886591E-001
2.1053712066921876E+006   2.7599891181985718E+000   1.9558580972296000E+000   4.1897894115823924E+000   1.2102737763212769E-001
2.0589109743220771E+006   2.7799890507081604E+000   1.9676345058488536E+000   4.1919271905284150E+000   1.2264002404970933E-001
2.0135623807909659E+006   2.7999889831616303E+000   1.9794298468454663E+000   4.1940622904211571E+000   1.2426749476253351E-001
1.7169758081778320E+006   2.9999881019308741E+000   2.0847802196053928E+000   4.2123216426175754E+000   1.4042397674965895E-001
1.4779565873386480E+006   3.1999872248388717E+000   2.1828895431307576E+000   4.2289610817698486E+000   1.5619976020779602E-001
1.2844514658413457E+006   3.3999863411182183E+000   2.2747004314499177E+000   4.2442811306553434E+000   1.7146510659638584E-001
1.1217379332430717E+006   3.5999854708259047E+000   2.3612128993800940E+000   4.2585519403612313E+000   1.8617972114969686E-001
9.9402696866563964E+005   3.7999845482514671E+000   2.4403594560942170E+000   4.2712517494300855E+000   2.0035338136905106E-001
8.7441350164979987E+005   3.9999836872890731E+000   2.5182797451664927E+000   4.2839455968502982E+000   2.1392583106476354E-001
7.7590200541790004E+005   4.1999828067147975E+000   2.5922698476283084E+000   4.2958863340498548E+000   2.2703940789655902E-001
7.1403895338440815E+005   4.3999817723770711E+000   2.6559855585373464E+000   4.3055468778462620E+000   2.3957617575826376E-001
6.4315917240659858E+005   4.5999808632547587E+000   2.7215941673153705E+000   4.3159411793802702E+000   2.5159187707925845E-001
5.8321336968699039E+005   4.7999799434227279E+000   2.7838565089326206E+000   4.3257163131061800E+000   2.6317278043606213E-001
5.3215658431476867E+005   4.9999790080412634E+000   2.8431235782192310E+000   4.3349551600548581E+000   2.7432862118201273E-001
4.8684923501314106E+005   5.1999780818881067E+000   2.9000675849773745E+000   4.3438065769702838E+000   2.8509779073023345E-001
4.4909988482122973E+005   5.3999771248503503E+000   2.9536478739865499E+000   4.3520229055935005E+000   2.9545527798838733E-001
4.1991942030544032E+005   5.5999761019990517E+000   3.0033744563995168E+000   4.3594309966130913E+000   3.0550238715568923E-001
3.8046097942095413E+005   5.7999752959284088E+000   3.0578183951810947E+000   4.3681893494323960E+000   3.1520765090786901E-001
3.6162835121097084E+005   5.9999742081988030E+000   3.1012478468564941E+000   4.3744003793909920E+000   3.2450031682837571E-001
3.3474368236505822E+005   6.1999733065595688E+000   3.1486983909522004E+000   4.3817488304982097E+000   3.3352868666179281E-001
3.1002094871481432E+005   6.3999724242009410E+000   3.1952431891373956E+000   4.3889767345016866E+000   3.4234527774743817E-001
2.9535267141647148E+005   6.5999713664138264E+000   3.2349472579915926E+000   4.3946799954988141E+000   3.5079079018028209E-001
2.7565314964462654E+005   6.7999704640606344E+000   3.2777089597263167E+000   4.4012459788081584E+000   3.5903967442895468E-001
2.6128273131900255E+005   6.9999694647872959E+000   3.3166656964934229E+000   4.4069876172754991E+000   3.6703476587782663E-001
2.4747413003806831E+005   7.1999684796860137E+000   3.3548798589693765E+000   4.4126548387949489E+000   3.7480740407690383E-001
2.3041682181839002E+005   7.3999676294752428E+000   3.3955215885406571E+000   4.4190077502129084E+000   3.8242244602662534E-001
2.2333100747710676E+005   7.5999664853517430E+000   3.4279593487884643E+000   4.4234606079275425E+000   3.8973561072125962E-001
2.1246254476714303E+005   7.7999654905570015E+000   3.4630372423482756E+000   4.4286522998282667E+000   3.9689117369971799E-001
1.9792022159312008E+005   7.9999646661454245E+000   3.5008925673593239E+000   4.4346236464447903E+000   4.0387614297219432E-001
1.6176215171415251E+005   8.9999497091038467E+000   3.6547036098139563E+000   4.4569334859555685E+000   4.3616198517795457E-001
1.3027534125156853E+005   9.9997454959924337E+000   3.7961996287472508E+000   4.4780084995115681E+000   4.6475996753260190E-001
1.1298446996942426E+005   1.0999666425338610E+001   3.9160268071337785E+000   4.4950780343881886E+000   4.9053448697262497E-001
9.6617518917729016E+004   1.1999573894191220E+001   4.0279043667215291E+000   4.5113945439618695E+000   5.1384024761913949E-001
8.5010597527330072E+004   1.2999465952445732E+001   4.1278874464108677E+000   4.5257413241383189E+000   5.3513822711091030E-001
7.6200365124945150E+004   1.3999341320048437E+001   4.2186491546939502E+000   4.5386383716823717E+000   5.5472498616434662E-001
6.7691983503834432E+004   1.4999201754376880E+001   4.3039813314075088E+000   4.5509366493545098E+000   5.7279451917684787E-001
6.3119752999942895E+004   1.5999041975653622E+001   4.3790023524320603E+000   4.5612624273333759E+000   5.8965347373139199E-001
5.7529877768034021E+004   1.6998868332869709E+001   4.4512054679972426E+000   4.5714919747631013E+000   6.0529593665453230E-001
5.2126081291426985E+004   1.7998679875478658E+001   4.5196754227386142E+000   4.5812674760197298E+000   6.1997991151196041E-001
4.9294969079596267E+004   1.8998465872775139E+001   4.5803430304985060E+000   4.5895337198875747E+000   6.3378122765621658E-001
4.6257063234570582E+004   1.9998235595048101E+001   4.6384000124828262E+000   4.5975328438222132E+000   6.4681147077910128E-001
4.1008639519963726E+004   2.1997721671876246E+001   4.7447720501386419E+000   4.6121307707700820E+000   6.7080163571126961E-001
3.7638768990860553E+004   2.3997120557293293E+001   4.8384122244945598E+000   4.6246671197266398E+000   6.9254902497611337E-001
3.3573308874478025E+004   2.5996466042578867E+001   4.9249183516565740E+000   4.6364460310262805E+000   7.1224426595784041E-001
3.1198419347028619E+004   2.7995709340737683E+001   5.0014196675458162E+000   4.6465050377761008E+000   7.3037691040281882E-001
2.9023283657650994E+004   2.9994873402381106E+001   5.0716833558712358E+000   4.6556807667980573E+000   7.4715729652161755E-001
2.6595115487307368E+004   3.1994096068308366E+001   5.1375122365273276E+000   4.6643077889252043E+000   7.6281769259536891E-001
2.5532151147903620E+004   3.3993211433868900E+001   5.1959760288197909E+000   4.6715815848554589E+000   7.7750199688109112E-001
2.4562348274212782E+004   3.5992333141340531E+001   5.2506686546433228E+000   4.6783020046737223E+000   7.9140747015632973E-001
2.3397498746568246E+004   3.7991537143243342E+001   5.3023302256456573E+000   4.6846486776296938E+000   8.0454490974555370E-001
2.2367904419043665E+004   3.9990746529837004E+001   5.3506601243499219E+000   4.6905280865206187E+000   8.1695104131583651E-001
2.0516014490310608E+004   4.4989102056118270E+001   5.4585473967342004E+000   4.7032307861557259E+000   8.4548927823776254E-001
1.9217812858465059E+004   4.9987791942646147E+001   5.5517415079401458E+000   4.7138071875770988E+000   8.7093353099798865E-001
1.6978188377047398E+004   5.4987146316624937E+001   5.6353516588448249E+000   4.7233534926401557E+000   8.9364599632421549E-001
1.5281346555140630E+004   5.9986408607193979E+001   5.7097363797946237E+000   4.7315484097532750E+000   9.1444852257287657E-001
1.4936177369537119E+004   6.4985852099082862E+001   5.7734906960063874E+000   4.7379170306155114E+000   9.3358843895428500E-001
1.3964219966889279E+004   6.9985975842263173E+001   5.8333094514284509E+000   4.7440578963940059E+000   9.5121608510832723E-001
1.3487265916679882E+004   7.4986157921076426E+001   5.8869489353448836E+000   4.7492206725896926E+000   9.6771027467517157E-001
1.2868193098737265E+004   7.9986914307325463E+001   5.9366983521036891E+000   4.7539399872133918E+000   9.8314635380717474E-001
1.1629380658006168E+004   8.4987409867058105E+001   5.9840727609675000E+000   4.7586287617554364E+000   9.9745600915498922E-001
1.1025030912510580E+004   8.9986602533322483E+001   6.0270489937021727E+000   4.7625484051262470E+000   1.0111048387807058E+000
1.0827375953898789E+004   9.4985596127483589E+001   6.0661483933453315E+000   4.7658443587947330E+000   1.0240626312653138E+000
9.9897710323333285E+003   9.9985379685537126E+001   6.1046563811305576E+000   4.7693904994088800E+000   1.0362243439296324E+000
9.7352060109726717E+003   1.0498486244539158E+002   6.1392941463462209E+000   4.7722721782654194E+000   1.0477798688243856E+000
9.0121656718506638E+003   1.0998522119032393E+002   6.1736928737581218E+000   4.7751953659714221E+000   1.0591328571183301E+000
9.0047130435008439E+003   1.1498460693200111E+002   6.2039151613972496E+000   4.7775406170634866E+000   1.0695534987537645E+000
8.6503181930326027E+003   1.1998356614807503E+002   6.2337673811747631E+000   4.7798536326914070E+000   1.0798535773866809E+000
8.8472675917083179E+003   1.2498173573877233E+002   6.2608447176484567E+000   4.7817198841004727E+000   1.0896597428053969E+000
8.6220218440559402E+003   1.2998052826149046E+002   6.2876267391757565E+000   4.7836819509676598E+000   1.0991266198346707E+000
8.0478169232412156E+003   1.3497998243319907E+002   6.3138992808720564E+000   4.7857014761627434E+000   1.1082238402926550E+000
7.6527380706169797E+003   1.3997929411984907E+002   6.3387716525210855E+000   4.7875563666666245E+000   1.1169502451094073E+000
7.6245156797567979E+003   1.4497813028594348E+002   6.3616675174268451E+000   4.7890474974628869E+000   1.1254159159697630E+000
7.3562845086896059E+003   1.4997788858382700E+002   6.3837387590414210E+000   4.7907781959338438E+000   1.1329901398351359E+000
5.7855560107362398E+003   1.7497796946848922E+002   6.4847200536915848E+000   4.7988230497695623E+000   1.1673910794887825E+000
5.4949409792469196E+003   1.9997482119551790E+002   6.5686713828108694E+000   4.8040131795228076E+000   1.1989864845419329E+000
5.2681438662022902E+003   2.2497071749900721E+002   6.6414765305503956E+000   4.8082998956909133E+000   1.2268156260754839E+000
5.2441524759472941E+003   2.4996650295146395E+002   6.7045676244111823E+000   4.8116099131952366E+000   1.2517411379972314E+000
4.7471432819136890E+003   2.7496436883091951E+002   6.7615987664247932E+000   4.8146287923390263E+000   1.2742189507164583E+000
4.6389614318626818E+003   2.9996029535980313E+002   6.8123968707447782E+000   4.8170403792244203E+000   1.2947948291056619E+000
