1.3166034177329507E+009   9.9999731021271840E-002   -2.7967102421706058E+000   3.5399997292489469E+000   -9.5567742740108286E-001
5.3115175565859997E+008   1.4999963458676718E-001   -2.3028013003899943E+000   3.5821614819733130E+000   -7.9304646195950901E-001
4.0010035620579314E+008   1.9999952494105122E-001   -2.0548684931523167E+000   3.5959692437600626E+000   -6.9669558191417003E-001
3.3294079022442967E+008   2.4999941864584002E-001   -1.8901617833914424E+000   3.6009556641100562E+000   -6.2431506773372059E-001
2.7752833787942988E+008   2.9999931864544810E-001   -1.7583452417930272E+000   3.6051141285148263E+000   -5.6672372574405216E-001
2.4714560176801234E+008   3.0999931170167389E-001   -1.7324673597233242E+000   3.6065956148059057E+000   -5.5674775729135917E-001
2.4485231188570252E+008   3.1999928696412289E-001   -1.7072977595578096E+000   3.6080879316392425E+000   -5.4714759087527565E-001
1.7737907447618467E+008   3.2999930864403365E-001   -1.6787189251829171E+000   3.6095485981222710E+000   -5.3577950665388641E-001
1.7119145479332379E+008   3.3999928753934117E-001   -1.6535063005701451E+000   3.6111767573201199E+000   -5.2642951274319827E-001
1.5121350746700951E+008   3.4999927877738130E-001   -1.6257578514144115E+000   3.6129880304383626E+000   -5.1617783440181708E-001
1.4853847702875984E+008   3.5999925489735296E-001   -1.5979031493518416E+000   3.6149396517173220E+000   -5.0615372592845109E-001
1.4803097237823704E+008   3.6999922878305203E-001   -1.5697700453775227E+000   3.6170014228700387E+000   -4.9621071624672453E-001
1.3961662012270370E+008   3.7999920944821114E-001   -1.5393677047553109E+000   3.6193502362755510E+000   -4.8570717274664332E-001
1.3708999822548699E+008   3.8999918407696788E-001   -1.5090425430883982E+000   3.6217940697598650E+000   -4.7543225888181451E-001
1.3112080675681399E+008   3.9999916195313179E-001   -1.4773092514231925E+000   3.6245060300007368E+000   -4.6498953353095618E-001
1.1938577024306522E+008   4.4999901946171483E-001   -1.3146599501151752E+000   3.6400447800067415E+000   -4.1474238288895748E-001
9.0601394542326391E+007   4.9999889720469903E-001   -1.1401264254050751E+000   3.6605403057167476E+000   -3.6846667195391747E-001
6.8555647913127914E+007   5.4999877239556194E-001   -9.6436498534106252E-001   3.6850988599312449E+000   -3.2970306035090663E-001
5.4329380140129335E+007   5.9999863595191960E-001   -7.9718026337486791E-001   3.7099354951547161E+000   -2.9578396981475230E-001
4.3675179128782384E+007   6.4999849506317697E-001   -6.3706113402214914E-001   3.7349172695162700E+000   -2.6568795386150174E-001
3.5987558095729835E+007   6.9999834518761039E-001   -4.8657326006372464E-001   3.7579819656033964E+000   -2.3657340905654159E-001
3.0639726913582660E+007   7.4999817906864885E-001   -3.4562947742951239E-001   3.7784369769290294E+000   -2.0701154039070160E-001
2.6660115282910526E+007   7.9999799630192447E-001   -2.1233943687284973E-001   3.7968243902494816E+000   -1.7714134675327400E-001
2.4637795759751476E+007   8.4999776718893294E-001   -8.8121879279919699E-002   3.8133208365036202E+000   -1.4802546046508638E-001
2.2002825101920221E+007   8.9999754681281219E-001   2.6464369009333206E-002   3.8284091453295486E+000   -1.2090895397231688E-001
2.0946877514844213E+007   9.1999746009028571E-001   7.0164574522488116E-002   3.8342232453620815E+000   -1.1068705128080451E-001
2.0433526475420587E+007   9.3999735129824868E-001   1.1234641431089680E-001   3.8398846991863955E+000   -1.0091903903522888E-001
1.9225902890829582E+007   9.5999727385847344E-001   1.5402475996390758E-001   3.8456382698748408E+000   -9.1587007585614555E-002
1.7970173022564720E+007   9.7999720440824345E-001   1.9518379242355452E-001   3.8513320269204723E+000   -8.2395005447053665E-002
1.6734097710293556E+007   9.9999713817661307E-001   2.3414932185666723E-001   3.8570629995212924E+000   -7.4374185932138098E-002
1.5937868700588433E+007   1.0199970523556514E+000   2.7302806650690176E-001   3.8629616224471692E+000   -6.6732059458773862E-002
1.5708644107835693E+007   1.0399969310187136E+000   3.1079123653470059E-001   3.8689157756953483E+000   -5.9758780941232298E-002
1.5313005532147465E+007   1.0599968198389464E+000   3.4780411675342415E-001   3.8750460354862293E+000   -5.3512860413631728E-002
1.4190594547096934E+007   1.0799967679186457E+000   3.8445069983633667E-001   3.8815415318056368E+000   -4.8180561510991163E-002
1.3967375544830529E+007   1.0999966481546646E+000   4.1954120816170909E-001   3.8883036113916374E+000   -4.4159466520306126E-002
1.3824551052439079E+007   1.1199965197807180E+000   4.5398026690626025E-001   3.8954182046071302E+000   -4.1169123579016614E-002
1.3031219225679295E+007   1.1399964545324928E+000   4.8819322527401676E-001   3.9028750196146342E+000   -3.8976274410146242E-002
1.3002692883161014E+007   1.1599963153387574E+000   5.2085251554547873E-001   3.9101492091973702E+000   -3.7195008439888093E-002
1.2362977740306251E+007   1.1799962411620131E+000   5.5326375683340401E-001   3.9174320903274400E+000   -3.5555150056064994E-002
1.2301583889080532E+007   1.1999961036467688E+000   5.8464977466995494E-001   3.9244782257104869E+000   -3.3954411903882931E-002
1.1926543586261179E+007   1.2199960029052948E+000   6.1554266915136269E-001   3.9314366559106371E+000   -3.2424825063479323E-002
1.1262442759663830E+007   1.2399959423986799E+000   6.4593773882250816E-001   3.9382878786568010E+000   -3.0929735720233879E-002
1.1054634494728534E+007   1.2599958244205656E+000   6.7546736732967860E-001   3.9449334360397734E+000   -2.9456036232593397E-002
1.0791397306173151E+007   1.2799957145263554E+000   7.0442074536693966E-001   3.9514490931901798E+000   -2.8010661514775510E-002
1.0177903526989136E+007   1.2999956606785101E+000   7.3315665192924850E-001   3.9579194019707158E+000   -2.6583325794694152E-002
1.0168110764319060E+007   1.3199955139321113E+000   7.6074653400600500E-001   3.9641017367281988E+000   -2.5153054271281280E-002
9.7470172360458206E+006   1.3399954356916068E+000   7.8819680853906127E-001   3.9702674758221086E+000   -2.3759395192573710E-002
9.5174481746856086E+006   1.3599953272606433E+000   8.1498950593737207E-001   3.9762739700986400E+000   -2.2376035046479295E-002
9.0842841823049448E+006   1.3799952582077901E+000   8.4147003559301048E-001   3.9822125818617176E+000   -2.1012993744815255E-002
8.7856859774814788E+006   1.3999951678190337E+000   8.6735937844653110E-001   3.9880022973913949E+000   -1.9647753377410163E-002
8.2716895832665265E+006   1.4199951260541612E+000   8.9322351518105814E-001   3.9937816413028409E+000   -1.8274372833038403E-002
8.3504743991036657E+006   1.4399949602710502E+000   9.1757185260007124E-001   3.9991927796612483E+000   -1.6922480840347396E-002
8.1292125980914598E+006   1.4599948600807278E+000   9.4210372555897259E-001   4.0046500700912899E+000   -1.5571125220979497E-002
7.6764290634294590E+006   1.4799948172810111E+000   9.6650249375948394E-001   4.0100939983019339E+000   -1.4259597542012630E-002
7.3421907996467771E+006   1.4999947520877779E+000   9.9053065370215088E-001   4.0154339106050143E+000   -1.2925342176838746E-002
7.4017636380765503E+006   1.5199945875883691E+000   1.0132327309043956E+000   4.0204450779310665E+000   -1.1596638227822037E-002
6.8568887271593409E+006   1.5399945862368618E+000   1.0370205245915800E+000   4.0257341968360594E+000   -1.0280979194215450E-002
6.6643344802958341E+006   1.5599944935975179E+000   1.0595765801608117E+000   4.0307228707721761E+000   -8.9802992818324122E-003
6.4918507736355951E+006   1.5799943971831507E+000   1.0817665511141854E+000   4.0356268917204465E+000   -7.6933557016866513E-003
6.2685359774616025E+006   1.5999943190414554E+000   1.1038616274881832E+000   4.0404993460534593E+000   -6.3907261807134652E-003
6.3194724975686716E+006   1.6199941543905994E+000   1.1244852663048706E+000   4.0450204704731245E+000   -5.1211556117012648E-003
6.1092418666069992E+006   1.6399940749570876E+000   1.1458427264630786E+000   4.0497325452847095E+000   -3.8665751557660391E-003
5.8280903681237446E+006   1.6599940240225104E+000   1.1671948891918509E+000   4.0544310844633866E+000   -2.5875721487343753E-003
5.8277774667215878E+006   1.6799938753908037E+000   1.1871864984722140E+000   4.0587970123386752E+000   -1.3236232591299405E-003
5.5449378566115098E+006   1.6999938325368313E+000   1.2079621874860274E+000   4.0633694100048459E+000   -8.0574084563827178E-005
5.3398560357328439E+006   1.7199937651394854E+000   1.2283904017956113E+000   4.0678455093040347E+000   1.1813344718511435E-003
5.2145460029994752E+006   1.7399936686055213E+000   1.2480092639134888E+000   4.0721334598244665E+000   2.4148644899249306E-003
5.1346230567891262E+006   1.7599935546578815E+000   1.2671498729238337E+000   4.0763079649336484E+000   3.6361587767331869E-003
5.1074507375407629E+006   1.7799934180243142E+000   1.2858455718242265E+000   4.0803684587789837E+000   4.8630205362600780E-003
4.9172321908196378E+006   1.7999933543973494E+000   1.3050845820367787E+000   4.0845755094801772E+000   6.0684242401491898E-003
4.8739699565604385E+006   1.8199932260800062E+000   1.3234005119523917E+000   4.0885392746019846E+000   7.2988589543400957E-003
4.6109386675301967E+006   1.8399932038974611E+000   1.3426527012674927E+000   4.0927547681938599E+000   8.4939664281399024E-003
4.6373746771236164E+006   1.8599930428711571E+000   1.3599622886250315E+000   4.0964789874191796E+000   9.7003216562710146E-003
4.4415293293962535E+006   1.8799929951772567E+000   1.3784532416777151E+000   4.1005164716804865E+000   1.0870829659996625E-002
4.3150551839355249E+006   1.8999929151572612E+000   1.3962854262642457E+000   4.1043793301506959E+000   1.2061205012845466E-002
4.2521342340043290E+006   1.9199928023988506E+000   1.4135732505215386E+000   4.1081193872924358E+000   1.3225002858011176E-002
4.1628193082667175E+006   1.9399927054200330E+000   1.4308182460212622E+000   4.1118460723391275E+000   1.4394130514489165E-002
4.1351062427108898E+006   1.9599925730259220E+000   1.4474135139712514E+000   4.1153931730337971E+000   1.5597563100146129E-002
4.0209363975571287E+006   1.9799924936950455E+000   1.4643616448380414E+000   4.1190517840190441E+000   1.6754406563046380E-002
3.8832429372524889E+006   1.9999924316180340E+000   1.4813653865324334E+000   4.1227281951409731E+000   1.7903455166383270E-002
3.7354060008147797E+006   2.0199923802343127E+000   1.4985399413700755E+000   4.1264384797671045E+000   1.9070163332942227E-002
3.6979178507509157E+006   2.0399922583778309E+000   1.5142269669030635E+000   4.1297806675534412E+000   2.0229300526762688E-002
3.5964207729488858E+006   2.0599921810900201E+000   1.5306029275289101E+000   4.1332968583454788E+000   2.1384899255611021E-002
3.5242660033716415E+006   2.0799920852630280E+000   1.5464032280635986E+000   4.1366621024605390E+000   2.2554561292835531E-002
3.4005856334749213E+006   2.0999920294059273E+000   1.5628072272184141E+000   4.1401690049890219E+000   2.3742755813277148E-002
3.4640767454822795E+006   2.1199918355116871E+000   1.5765962174932393E+000   4.1430241020703180E+000   2.4927056788097243E-002
3.2895850727345026E+006   2.1399918227804462E+000   1.5931275512110652E+000   4.1465934547028489E+000   2.6054018381947906E-002
3.2998414398042392E+006   2.1599916684244795E+000   1.6071423944700074E+000   4.1494926938644232E+000   2.7262961688271192E-002
3.2209639853925216E+006   2.1799915858494097E+000   1.6222189509189631E+000   4.1526787914606542E+000   2.8429044720286206E-002
3.0930808011386795E+006   2.1999915464433037E+000   1.6379182114108852E+000   4.1560258406250394E+000   2.9584576637477409E-002
3.0805514348492352E+006   2.2199914116657120E+000   1.6517021611703551E+000   4.1588663463084252E+000   3.0795540150440510E-002
3.0046877750208345E+006   2.2399913319073508E+000   1.6663079474054430E+000   4.1619259914731908E+000   3.1979142938453463E-002
2.9620237168469247E+006   2.2599912251319867E+000   1.6802872982963581E+000   4.1648087911796132E+000   3.3203218971065616E-002
2.8439214884822904E+006   2.2799911894595071E+000   1.6955393387889415E+000   4.1680330568493327E+000   3.4380707877918061E-002
2.7404025269788275E+006   2.2999911457949054E+000   1.7108937782313642E+000   4.1712413917512112E+000   3.5641257795374380E-002
2.7928441002806099E+006   2.3199909491143300E+000   1.7219735983866433E+000   4.1733977009118872E+000   3.6868549551659982E-002
2.7249897674151319E+006   2.3399908728991865E+000   1.7358610404752441E+000   4.1762608222853750E+000   3.8086027848984870E-002
2.6167169864310031E+006   2.3599908401139640E+000   1.7507112632294803E+000   4.1793681485670255E+000   3.9296486662801396E-002
2.6220528882458247E+006   2.3799906903457382E+000   1.7625740050254946E+000   4.1816818543469410E+000   4.0600446000978820E-002
2.5375098717141035E+006   2.3999906382127523E+000   1.7766221335971093E+000   4.1845830972137934E+000   4.1822024553081615E-002
2.4557087818828500E+006   2.4199905867871054E+000   1.7908321327243817E+000   4.1875004841824470E+000   4.3092250179410430E-002
2.4314776377071687E+006   2.4399904712165266E+000   1.8029318050020304E+000   4.1898829236514148E+000   4.4377207380300411E-002
2.4165431559953187E+006   2.4599903450328222E+000   1.8147259442535115E+000   4.1921599108566019E+000   4.5720302595665396E-002
2.3626308552142428E+006   2.4799902668576941E+000   1.8275856884966064E+000   4.1947256772852226E+000   4.7018641859972288E-002
2.2701087520311796E+006   2.4999902386442603E+000   1.8421010449898805E+000   4.1977084712910786E+000   4.8310732094897092E-002
2.2525597033887398E+006   2.5199901184866329E+000   1.8533560731661809E+000   4.1998555332734782E+000   4.9644122218248328E-002
2.1893728965661903E+006   2.5399900582372164E+000   1.8667154426926003E+000   4.2025269792213100E+000   5.0980915085792493E-002
2.1632656602810333E+006   2.5599899525628573E+000   1.8781162856948839E+000   4.2046992184476784E+000   5.2336858134200033E-002
2.0793260213521495E+006   2.5799899255479670E+000   1.8930256374425545E+000   4.2077142477572407E+000   5.3761475388909498E-002
2.0509145480909669E+006   2.5999898243977282E+000   1.9043042991362780E+000   4.2098633779892829E+000   5.5102545771686356E-002
2.0153751252058079E+006   2.6199897346418748E+000   1.9160588223053963E+000   4.2121136736492595E+000   5.6479216036292010E-002
1.9946424453892063E+006   2.6399896243259788E+000   1.9266644785342191E+000   4.2140816347737742E+000   5.7846121901673923E-002
1.9812871433359960E+006   2.6599895040737715E+000   1.9368457185473149E+000   4.2159177120128284E+000   5.9264587430112925E-002
1.9224000769423046E+006   2.6799894535061144E+000   1.9499674539790357E+000   4.2185028720676510E+000   6.0655135036329015E-002
1.9154709489040936E+006   2.6999893242227166E+000   1.9595106683591657E+000   4.2201630386517834E+000   6.2106409058129232E-002
1.8818206739660399E+006   2.7199892368742584E+000   1.9708241124673040E+000   4.2222818175110435E+000   6.3525573393678425E-002
1.8176426142143940E+006   2.7399892015614067E+000   1.9845210388180685E+000   4.2249989980200766E+000   6.4939675550994377E-002
1.7908201820858256E+006   2.7599891064762305E+000   1.9952561490555727E+000   4.2269669331953352E+000   6.6371360319229591E-002
1.7482498292576454E+006   2.7799890402756460E+000   2.0075175434709855E+000   4.2292958892558925E+000   6.7844145405822523E-002
1.7298822054900429E+006   2.7999889337958188E+000   2.0172904376581342E+000   4.2310235349093448E+000   6.9275301192491395E-002
1.4543916461184409E+006   2.9999880960549778E+000   2.1240498318335832E+000   4.2502999116887690E+000   8.4102244721367625E-002
1.2740070042346660E+006   3.1999871556921966E+000   2.2162042484890150E+000   4.2658659894791224E+000   9.9047297468375622E-002
1.1116841519566847E+006   3.3999862461794859E+000   2.3050891324850324E+000   4.2806137497536776E+000   1.1399421891727429E-001
9.5557475007557403E+005   3.5999854174093175E+000   2.3942424004018577E+000   4.2956451939361315E+000   1.2850796451077881E-001
8.4680474143754784E+005   3.7999845098863139E+000   2.4732455102258091E+000   4.3082954282552155E+000   1.4270905078458609E-001
7.6086858091339492E+005   3.9999835693389119E+000   2.5461952358410342E+000   4.3196546845659674E+000   1.5646540097069592E-001
6.9000956344155571E+005   4.1999826130920681E+000   2.6146774129191686E+000   4.3301018062535510E+000   1.6981224613459520E-001
6.0942307009909640E+005   4.3999817876692724E+000   2.6885692630504390E+000   4.3421420822207759E+000   1.8267761926578244E-001
5.5549780301521055E+005   4.5999808520067793E+000   2.7514599117949152E+000   4.3516925863339289E+000   1.9502193541171248E-001
5.0969311803820677E+005   4.7999799092736994E+000   2.8108199977159463E+000   4.3605816910673445E+000   2.0692376890539610E-001
4.7017659660604893E+005   4.9999789576199438E+000   2.8673652519316568E+000   4.3689690169310218E+000   2.1842174428589775E-001
4.3732971014270757E+005   5.1999779804779660E+000   2.9205654536472538E+000   4.3767015888411924E+000   2.2955670132335612E-001
4.0089585992584232E+005   5.3999770917964458E+000   2.9760511164292955E+000   4.3852163508673154E+000   2.4027000866212955E-001
3.7412053630766988E+005   5.5999761294196366E+000   3.0255301923532749E+000   4.3924096420936287E+000   2.5062296417149321E-001
3.4908898962878762E+005   5.7999751862579139E+000   3.0741030002827530E+000   4.3995463836367295E+000   2.6063588505003144E-001
3.2502401577578846E+005   5.9999742660409554E+000   3.1221192489407512E+000   4.4067048516781693E+000   2.7032707329614974E-001
3.0333009388370899E+005   6.1999733472232208E+000   3.1685790883211333E+000   4.4136310232090068E+000   2.7970464992466665E-001
2.9019139776423766E+005   6.3999723032747138E+000   3.2080751421811384E+000   4.4189184888039499E+000   2.8887774566478280E-001
2.6983185004881670E+005   6.5999714267679490E+000   3.2530238047337554E+000   4.4257978916414498E+000   2.9759327126609109E-001
2.5755252050098486E+005   6.7999704026494587E+000   3.2914439146193328E+000   4.4310907139100335E+000   3.0621768167171265E-001
2.4336626799353005E+005   6.9999694458499055E+000   3.3311606073011588E+000   4.4368837215667947E+000   3.1449001269910226E-001
2.2625401625607273E+005   7.1999685899264820E+000   3.3738068297284158E+000   4.4435391587582771E+000   3.2250224952976675E-001
2.1424774361912583E+005   7.3999676199165352E+000   3.4116242584335210E+000   4.4490634452328832E+000   3.3036239093310710E-001
2.0520627157603292E+005   7.5999665841754593E+000   3.4457200839403836E+000   4.4537963678366514E+000   3.3794445847900356E-001
1.9579728150586243E+005   7.7999655519753919E+000   3.4802184589155782E+000   4.4587155325992542E+000   3.4535531644139461E-001
1.8910110627045351E+005   7.9999643380642045E+000   3.5115786426476756E+000   4.4629271900574627E+000   3.5261209339102623E-001
1.4994455375807013E+005   8.9999456024976467E+000   3.6718695211425580E+000   4.4862673055803386E+000   3.8607730159271453E-001
1.2793236695017191E+005   9.9997775982440196E+000   3.8048601088964715E+000   4.5047133567894333E+000   4.1568049305148325E-001
1.1032514154494589E+005   1.0999711905722283E+001   3.9255855107918149E+000   4.5215633186653257E+000   4.4234327024737008E-001
9.3858410426918970E+004   1.1999635699252877E+001   4.0391366260944794E+000   4.5379571832389534E+000   4.6633109875144690E-001
8.4551990219554020E+004   1.2999547348169433E+001   4.1354313166693961E+000   4.5510912373304215E+000   4.8821033585596840E-001
7.4301715968766381E+004   1.3999447355702065E+001   4.2289706577731208E+000   4.5644583960280141E+000   5.0824568901264633E-001
6.7394938714609816E+004   1.4999334203516934E+001   4.3118550598500223E+000   4.5759225318089269E+000   5.2675961848927044E-001
6.2845588004008176E+004   1.5999210292453437E+001   4.3858656816603814E+000   4.5858295506647888E+000   5.4395089168272681E-001
5.6431405480454043E+004   1.6999076724139680E+001   4.4605261458385774E+000   4.5964920429067346E+000   5.5995613928793231E-001
5.4109251344851895E+004   1.7998926041806758E+001   4.5226501626431208E+000   4.6045426925173185E+000   5.7491684846903679E-001
4.9869971978295311E+004   1.8998767641771558E+001   4.5858301596376396E+000   4.6133291217727486E+000   5.8893398845543676E-001
4.7635016143929068E+004   1.9998592755954750E+001   4.6421881573137629E+000   4.6207705906221452E+000   6.0223004959470505E-001
4.2599309782380078E+004   2.1998209752666057E+001   4.7479121286433958E+000   4.6350411146753299E+000   6.2655098715315061E-001
3.7133257016774434E+004   2.3997784275843138E+001   4.8458950554593843E+000   4.6485625542457356E+000   6.4849957142033499E-001
3.4306823787037727E+004   2.5997300392462364E+001   4.9297938519190057E+000   4.6595526016175493E+000   6.6846887490651685E-001
3.1979381032565547E+004   2.7996761604876621E+001   5.0060006927679357E+000   4.6694356293150010E+000   6.8680623993607959E-001
2.9967563685597765E+004   2.9996169946993799E+001   5.0757975081675264E+000   4.6784003277628710E+000   7.0377525074013525E-001
2.7893883264236101E+004   3.1995669262069171E+001   5.1409243566637786E+000   4.6867803855246564E+000   7.1957855946468863E-001
2.7503086187184614E+004   3.3995127029068314E+001   5.1978558220871038E+000   4.6935868765168598E+000   7.3443131019194541E-001
2.5614445468003625E+004   3.5994652186485936E+001   5.2543466372938337E+000   4.7007999519316215E+000   7.4825056696578773E-001
2.4666266395733459E+004   3.7994234345853805E+001   5.3054075426177718E+000   4.7070057086316810E+000   7.6136950622763622E-001
2.4468405169805745E+004   3.9993799874125308E+001   5.3521436609985660E+000   4.7124149835446767E+000   7.7391901559204190E-001
2.1694884372959135E+004   4.4993102527725981E+001   5.4611047314160057E+000   4.7255453107963632E+000   8.0213889629739010E-001
2.0265070154705594E+004   4.9992704655023743E+001   5.5537684612875342E+000   4.7361035511872549E+000   8.2735428045137049E-001
1.8913694840958397E+004   5.4992684428208229E+001   5.6353731667182521E+000   4.7451411036407540E+000   8.5008152825973060E-001
1.7393007454922725E+004   5.9992553350184778E+001   5.7086985836656154E+000   4.7531874376636232E+000   8.7065156868767357E-001
1.6253987164301292E+004   6.4993105249284113E+001   5.7742740360116640E+000   4.7601219575315872E+000   8.8957025512477150E-001
1.4440908499537418E+004   6.9993883217737846E+001   5.8356958224366364E+000   4.7667095456676796E+000   9.0710597206507237E-001
1.4275780676266600E+004   7.4994084483872115E+001   5.8882550036657868E+000   4.7716697015676974E+000   9.2346525087961262E-001
1.2965464164322349E+004   7.9995133358125926E+001   5.9397860067696318E+000   4.7768180370584963E+000   9.3893408144993640E-001
1.2219390931266213E+004   8.4995792931243443E+001   5.9858451055224595E+000   4.7811835532614619E+000   9.5323259842042019E-001
1.2163625890005445E+004   8.9995440225829398E+001   6.0272538712233947E+000   4.7847145689789023E+000   9.6687494983600653E-001
1.1364441322592616E+004   9.4995257621466891E+001   6.0678753496763784E+000   4.7884178334020921E+000   9.7977916021611733E-001
1.1011753722096499E+004   9.9995050719287221E+001   6.1049181507546262E+000   4.7915489548726038E+000   9.9203831781421947E-001
1.0689430589931126E+004   1.0499497539806761E+002   6.1397953371893550E+000   4.7943985435830916E+000   1.0037777336106084E+000
9.8691173764185460E+003   1.0999507384240242E+002   6.1742244922330505E+000   4.7973750909702320E+000   1.0150392163581754E+000
9.8982252398041637E+003   1.1499457417356393E+002   6.2044771975422046E+000   4.7996083638689155E+000   1.0256990232153840E+000
9.7985595328643521E+003   1.1999411065254850E+002   6.2336204552541954E+000   4.8017302529124626E+000   1.0360268739842855E+000
8.9812299285049157E+003   1.2499393902093631E+002   6.2632900811050352E+000   4.8042260033429205E+000   1.0458701860487891E+000
8.8008108032413620E+003   1.2999353434508762E+002   6.2899050612196188E+000   4.8061526703422119E+000   1.0553243421074996E+000
8.6946798106654478E+003   1.3499311782720991E+002   6.3151681773721675E+000   4.8078995939093527E+000   1.0644620530494933E+000
8.5816651181856760E+003   1.3999274143920144E+002   6.3392277913763690E+000   4.8094789015293351E+000   1.0733332448116286E+000
8.2751585124640042E+003   1.4499252237287789E+002   6.3628696153836595E+000   4.8111559677485927E+000   1.0818000243767569E+000
7.4691860935785935E+003   1.4999276007927995E+002   6.3861338513103965E+000   4.8129928699357629E+000   1.0897583379657847E+000
6.4807174618855761E+003   1.7499231418067336E+002   6.4853071964359454E+000   4.8204529181240465E+000   1.1244249141519933E+000
5.5823772549685173E+003   1.9999178207131567E+002   6.5706780151937005E+000   4.8261173466613885E+000   1.1557814664561865E+000
5.5297602455759379E+003   2.2499023497792152E+002   6.6428771315545383E+000   4.8303889748519540E+000   1.1833377682554744E+000
5.5516672898980451E+003   2.4998885108305996E+002   6.7054332029049375E+000   4.8336288766733082E+000   1.2081360002879651E+000
5.1026474836345560E+003   2.7498799357776647E+002   6.7624113360419154E+000   4.8367264235217293E+000   1.2304299731596120E+000
4.9777552564000898E+003   2.9998664815808593E+002   6.8131560271913543E+000   4.8391770035356991E+000   1.2509011587063918E+000
1.3166034177329507E+009   9.9999731021271840E-002   -2.7967102421706058E+000   3.5399997292489469E+000   -9.5567742740108286E-001
5.3115175565859997E+008   1.4999963458676718E-001   -2.3028013003899943E+000   3.5821614819733130E+000   -7.9304646195950901E-001
4.0010035620579314E+008   1.9999952494105122E-001   -2.0548684931523167E+000   3.5959692437600626E+000   -6.9669558191417003E-001
3.3294079022442967E+008   2.4999941864584002E-001   -1.8901617833914424E+000   3.6009556641100562E+000   -6.2431506773372059E-001
2.7752833787942988E+008   2.9999931864544810E-001   -1.7583452417930272E+000   3.6051141285148263E+000   -5.6672372574405216E-001
2.4714560176801234E+008   3.0999931170167389E-001   -1.7324673597233242E+000   3.6065956148059057E+000   -5.5674775729135917E-001
2.4485231188570252E+008   3.1999928696412289E-001   -1.7072977595578096E+000   3.6080879316392425E+000   -5.4714759087527565E-001
1.7737907447618467E+008   3.2999930864403365E-001   -1.6787189251829171E+000   3.6095485981222710E+000   -5.3577950665388641E-001
1.7119145479332379E+008   3.3999928753934117E-001   -1.6535063005701451E+000   3.6111767573201199E+000   -5.2642951274319827E-001
1.5121350746700951E+008   3.4999927877738130E-001   -1.6257578514144115E+000   3.6129880304383626E+000   -5.1617783440181708E-001
1.4853847702875984E+008   3.5999925489735296E-001   -1.5979031493518416E+000   3.6149396517173220E+000   -5.0615372592845109E-001
1.4803097237823704E+008   3.6999922878305203E-001   -1.5697700453775227E+000   3.6170014228700387E+000   -4.9621071624672453E-001
1.3961662012270370E+008   3.7999920944821114E-001   -1.5393677047553109E+000   3.6193502362755510E+000   -4.8570717274664332E-001
1.3708999822548699E+008   3.8999918407696788E-001   -1.5090425430883982E+000   3.6217940697598650E+000   -4.7543225888181451E-001
1.3112080675681399E+008   3.9999916195313179E-001   -1.4773092514231925E+000   3.6245060300007368E+000   -4.6498953353095618E-001
1.1938577024306522E+008   4.4999901946171483E-001   -1.3146599501151752E+000   3.6400447800067415E+000   -4.1474238288895748E-001
9.0601394542326391E+007   4.9999889720469903E-001   -1.1401264254050751E+000   3.6605403057167476E+000   -3.6846667195391747E-001
6.8555647913127914E+007   5.4999877239556194E-001   -9.6436498534106252E-001   3.6850988599312449E+000   -3.2970306035090663E-001
5.4329380140129335E+007   5.9999863595191960E-001   -7.9718026337486791E-001   3.7099354951547161E+000   -2.9578396981475230E-001
4.3675179128782384E+007   6.4999849506317697E-001   -6.3706113402214914E-001   3.7349172695162700E+000   -2.6568795386150174E-001
3.5987558095729835E+007   6.9999834518761039E-001   -4.8657326006372464E-001   3.7579819656033964E+000   -2.3657340905654159E-001
3.0639726913582660E+007   7.4999817906864885E-001   -3.4562947742951239E-001   3.7784369769290294E+000   -2.0701154039070160E-001
2.6660115282910526E+007   7.9999799630192447E-001   -2.1233943687284973E-001   3.7968243902494816E+000   -1.7714134675327400E-001
2.4637795759751476E+007   8.4999776718893294E-001   -8.8121879279919699E-002   3.8133208365036202E+000   -1.4802546046508638E-001
2.2002825101920221E+007   8.9999754681281219E-001   2.6464369009333206E-002   3.8284091453295486E+000   -1.2090895397231688E-001
2.0946877514844213E+007   9.1999746009028571E-001   7.0164574522488116E-002   3.8342232453620815E+000   -1.1068705128080451E-001
2.0433526475420587E+007   9.3999735129824868E-001   1.1234641431089680E-001   3.8398846991863955E+000   -1.0091903903522888E-001
1.9225902890829582E+007   9.5999727385847344E-001   1.5402475996390758E-001   3.8456382698748408E+000   -9.1587007585614555E-002
1.7970173022564720E+007   9.7999720440824345E-001   1.9518379242355452E-001   3.8513320269204723E+000   -8.2395005447053665E-002
1.6734097710293556E+007   9.9999713817661307E-001   2.3414932185666723E-001   3.8570629995212924E+000   -7.4374185932138098E-002
1.5937868700588433E+007   1.0199970523556514E+000   2.7302806650690176E-001   3.8629616224471692E+000   -6.6732059458773862E-002
1.5708644107835693E+007   1.0399969310187136E+000   3.1079123653470059E-001   3.8689157756953483E+000   -5.9758780941232298E-002
1.5313005532147465E+007   1.0599968198389464E+000   3.4780411675342415E-001   3.8750460354862293E+000   -5.3512860413631728E-002
1.4190594547096934E+007   1.0799967679186457E+000   3.8445069983633667E-001   3.8815415318056368E+000   -4.8180561510991163E-002
1.3967375544830529E+007   1.0999966481546646E+000   4.1954120816170909E-001   3.8883036113916374E+000   -4.4159466520306126E-002
1.3824551052439079E+007   1.1199965197807180E+000   4.5398026690626025E-001   3.8954182046071302E+000   -4.1169123579016614E-002
1.3031219225679295E+007   1.1399964545324928E+000   4.8819322527401676E-001   3.9028750196146342E+000   -3.8976274410146242E-002
1.3002692883161014E+007   1.1599963153387574E+000   5.2085251554547873E-001   3.9101492091973702E+000   -3.7195008439888093E-002
1.2362977740306251E+007   1.1799962411620131E+000   5.5326375683340401E-001   3.9174320903274400E+000   -3.5555150056064994E-002
1.2301583889080532E+007   1.1999961036467688E+000   5.8464977466995494E-001   3.9244782257104869E+000   -3.3954411903882931E-002
1.1926543586261179E+007   1.2199960029052948E+000   6.1554266915136269E-001   3.9314366559106371E+000   -3.2424825063479323E-002
1.1262442759663830E+007   1.2399959423986799E+000   6.4593773882250816E-001   3.9382878786568010E+000   -3.0929735720233879E-002
1.1054634494728534E+007   1.2599958244205656E+000   6.7546736732967860E-001   3.9449334360397734E+000   -2.9456036232593397E-002
1.0791397306173151E+007   1.2799957145263554E+000   7.0442074536693966E-001   3.9514490931901798E+000   -2.8010661514775510E-002
1.0177903526989136E+007   1.2999956606785101E+000   7.3315665192924850E-001   3.9579194019707158E+000   -2.6583325794694152E-002
1.0168110764319060E+007   1.3199955139321113E+000   7.6074653400600500E-001   3.9641017367281988E+000   -2.5153054271281280E-002
9.7470172360458206E+006   1.3399954356916068E+000   7.8819680853906127E-001   3.9702674758221086E+000   -2.3759395192573710E-002
9.5174481746856086E+006   1.3599953272606433E+000   8.1498950593737207E-001   3.9762739700986400E+000   -2.2376035046479295E-002
9.0842841823049448E+006   1.3799952582077901E+000   8.4147003559301048E-001   3.9822125818617176E+000   -2.1012993744815255E-002
8.7856859774814788E+006   1.3999951678190337E+000   8.6735937844653110E-001   3.9880022973913949E+000   -1.9647753377410163E-002
8.2716895832665265E+006   1.4199951260541612E+000   8.9322351518105814E-001   3.9937816413028409E+000   -1.8274372833038403E-002
8.3504743991036657E+006   1.4399949602710502E+000   9.1757185260007124E-001   3.9991927796612483E+000   -1.6922480840347396E-002
8.1292125980914598E+006   1.4599948600807278E+000   9.4210372555897259E-001   4.0046500700912899E+000   -1.5571125220979497E-002
7.6764290634294590E+006   1.4799948172810111E+000   9.6650249375948394E-001   4.0100939983019339E+000   -1.4259597542012630E-002
7.3421907996467771E+006   1.4999947520877779E+000   9.9053065370215088E-001   4.0154339106050143E+000   -1.2925342176838746E-002
7.4017636380765503E+006   1.5199945875883691E+000   1.0132327309043956E+000   4.0204450779310665E+000   -1.1596638227822037E-002
6.8568887271593409E+006   1.5399945862368618E+000   1.0370205245915800E+000   4.0257341968360594E+000   -1.0280979194215450E-002
6.6643344802958341E+006   1.5599944935975179E+000   1.0595765801608117E+000   4.0307228707721761E+000   -8.9802992818324122E-003
6.4918507736355951E+006   1.5799943971831507E+000   1.0817665511141854E+000   4.0356268917204465E+000   -7.6933557016866513E-003
6.2685359774616025E+006   1.5999943190414554E+000   1.1038616274881832E+000   4.0404993460534593E+000   -6.3907261807134652E-003
6.3194724975686716E+006   1.6199941543905994E+000   1.1244852663048706E+000   4.0450204704731245E+000   -5.1211556117012648E-003
6.1092418666069992E+006   1.6399940749570876E+000   1.1458427264630786E+000   4.0497325452847095E+000   -3.8665751557660391E-003
5.8280903681237446E+006   1.6599940240225104E+000   1.1671948891918509E+000   4.0544310844633866E+000   -2.5875721487343753E-003
5.8277774667215878E+006   1.6799938753908037E+000   1.1871864984722140E+000   4.0587970123386752E+000   -1.3236232591299405E-003
5.5449378566115098E+006   1.6999938325368313E+000   1.2079621874860274E+000   4.0633694100048459E+000   -8.0574084563827178E-005
5.3398560357328439E+006   1.7199937651394854E+000   1.2283904017956113E+000   4.0678455093040347E+000   1.1813344718511435E-003
5.2145460029994752E+006   1.7399936686055213E+000   1.2480092639134888E+000   4.0721334598244665E+000   2.4148644899249306E-003
5.1346230567891262E+006   1.7599935546578815E+000   1.2671498729238337E+000   4.0763079649336484E+000   3.6361587767331869E-003
5.1074507375407629E+006   1.7799934180243142E+000   1.2858455718242265E+000   4.0803684587789837E+000   4.8630205362600780E-003
4.9172321908196378E+006   1.7999933543973494E+000   1.3050845820367787E+000   4.0845755094801772E+000   6.0684242401491898E-003
4.8739699565604385E+006   1.8199932260800062E+000   1.3234005119523917E+000   4.0885392746019846E+000   7.2988589543400957E-003
4.6109386675301967E+006   1.8399932038974611E+000   1.3426527012674927E+000   4.0927547681938599E+000   8.4939664281399024E-003
4.6373746771236164E+006   1.8599930428711571E+000   1.3599622886250315E+000   4.0964789874191796E+000   9.7003216562710146E-003
4.4415293293962535E+006   1.8799929951772567E+000   1.3784532416777151E+000   4.1005164716804865E+000   1.0870829659996625E-002
4.3150551839355249E+006   1.8999929151572612E+000   1.3962854262642457E+000   4.1043793301506959E+000   1.2061205012845466E-002
4.2521342340043290E+006   1.9199928023988506E+000   1.4135732505215386E+000   4.1081193872924358E+000   1.3225002858011176E-002
4.1628193082667175E+006   1.9399927054200330E+000   1.4308182460212622E+000   4.1118460723391275E+000   1.4394130514489165E-002
4.1351062427108898E+006   1.9599925730259220E+000   1.4474135139712514E+000   4.1153931730337971E+000   1.5597563100146129E-002
4.0209363975571287E+006   1.9799924936950455E+000   1.4643616448380414E+000   4.1190517840190441E+000   1.6754406563046380E-002
3.8832429372524889E+006   1.9999924316180340E+000   1.4813653865324334E+000   4.1227281951409731E+000   1.7903455166383270E-002
3.7354060008147797E+006   2.0199923802343127E+000   1.4985399413700755E+000   4.1264384797671045E+000   1.9070163332942227E-002
3.6979178507509157E+006   2.0399922583778309E+000   1.5142269669030635E+000   4.1297806675534412E+000   2.0229300526762688E-002
3.5964207729488858E+006   2.0599921810900201E+000   1.5306029275289101E+000   4.1332968583454788E+000   2.1384899255611021E-002
3.5242660033716415E+006   2.0799920852630280E+000   1.5464032280635986E+000   4.1366621024605390E+000   2.2554561292835531E-002
3.4005856334749213E+006   2.0999920294059273E+000   1.5628072272184141E+000   4.1401690049890219E+000   2.3742755813277148E-002
3.4640767454822795E+006   2.1199918355116871E+000   1.5765962174932393E+000   4.1430241020703180E+000   2.4927056788097243E-002
3.2895850727345026E+006   2.1399918227804462E+000   1.5931275512110652E+000   4.1465934547028489E+000   2.6054018381947906E-002
3.2998414398042392E+006   2.1599916684244795E+000   1.6071423944700074E+000   4.1494926938644232E+000   2.7262961688271192E-002
3.2209639853925216E+006   2.1799915858494097E+000   1.6222189509189631E+000   4.1526787914606542E+000   2.8429044720286206E-002
3.0930808011386795E+006   2.1999915464433037E+000   1.6379182114108852E+000   4.1560258406250394E+000   2.9584576637477409E-002
3.0805514348492352E+006   2.2199914116657120E+000   1.6517021611703551E+000   4.1588663463084252E+000   3.0795540150440510E-002
3.0046877750208345E+006   2.2399913319073508E+000   1.6663079474054430E+000   4.1619259914731908E+000   3.1979142938453463E-002
2.9620237168469247E+006   2.2599912251319867E+000   1.6802872982963581E+000   4.1648087911796132E+000   3.3203218971065616E-002
2.8439214884822904E+006   2.2799911894595071E+000   1.6955393387889415E+000   4.1680330568493327E+000   3.4380707877918061E-002
2.7404025269788275E+006   2.2999911457949054E+000   1.7108937782313642E+000   4.1712413917512112E+000   3.5641257795374380E-002
2.7928441002806099E+006   2.3199909491143300E+000   1.7219735983866433E+000   4.1733977009118872E+000   3.6868549551659982E-002
2.7249897674151319E+006   2.3399908728991865E+000   1.7358610404752441E+000   4.1762608222853750E+000   3.8086027848984870E-002
2.6167169864310031E+006   2.3599908401139640E+000   1.7507112632294803E+000   4.1793681485670255E+000   3.9296486662801396E-002
2.6220528882458247E+006   2.3799906903457382E+000   1.7625740050254946E+000   4.1816818543469410E+000   4.0600446000978820E-002
2.5375098717141035E+006   2.3999906382127523E+000   1.7766221335971093E+000   4.1845830972137934E+000   4.1822024553081615E-002
2.4557087818828500E+006   2.4199905867871054E+000   1.7908321327243817E+000   4.1875004841824470E+000   4.3092250179410430E-002
2.4314776377071687E+006   2.4399904712165266E+000   1.8029318050020304E+000   4.1898829236514148E+000   4.4377207380300411E-002
2.4165431559953187E+006   2.4599903450328222E+000   1.8147259442535115E+000   4.1921599108566019E+000   4.5720302595665396E-002
2.3626308552142428E+006   2.4799902668576941E+000   1.8275856884966064E+000   4.1947256772852226E+000   4.7018641859972288E-002
2.2701087520311796E+006   2.4999902386442603E+000   1.8421010449898805E+000   4.1977084712910786E+000   4.8310732094897092E-002
2.2525597033887398E+006   2.5199901184866329E+000   1.8533560731661809E+000   4.1998555332734782E+000   4.9644122218248328E-002
2.1893728965661903E+006   2.5399900582372164E+000   1.8667154426926003E+000   4.2025269792213100E+000   5.0980915085792493E-002
2.1632656602810333E+006   2.5599899525628573E+000   1.8781162856948839E+000   4.2046992184476784E+000   5.2336858134200033E-002
2.0793260213521495E+006   2.5799899255479670E+000   1.8930256374425545E+000   4.2077142477572407E+000   5.3761475388909498E-002
2.0509145480909669E+006   2.5999898243977282E+000   1.9043042991362780E+000   4.2098633779892829E+000   5.5102545771686356E-002
2.0153751252058079E+006   2.6199897346418748E+000   1.9160588223053963E+000   4.2121136736492595E+000   5.6479216036292010E-002
1.9946424453892063E+006   2.6399896243259788E+000   1.9266644785342191E+000   4.2140816347737742E+000   5.7846121901673923E-002
1.9812871433359960E+006   2.6599895040737715E+000   1.9368457185473149E+000   4.2159177120128284E+000   5.9264587430112925E-002
1.9224000769423046E+006   2.6799894535061144E+000   1.9499674539790357E+000   4.2185028720676510E+000   6.0655135036329015E-002
1.9154709489040936E+006   2.6999893242227166E+000   1.9595106683591657E+000   4.2201630386517834E+000   6.2106409058129232E-002
1.8818206739660399E+006   2.7199892368742584E+000   1.9708241124673040E+000   4.2222818175110435E+000   6.3525573393678425E-002
1.8176426142143940E+006   2.7399892015614067E+000   1.9845210388180685E+000   4.2249989980200766E+000   6.4939675550994377E-002
1.7908201820858256E+006   2.7599891064762305E+000   1.9952561490555727E+000   4.2269669331953352E+000   6.6371360319229591E-002
1.7482498292576454E+006   2.7799890402756460E+000   2.0075175434709855E+000   4.2292958892558925E+000   6.7844145405822523E-002
1.7298822054900429E+006   2.7999889337958188E+000   2.0172904376581342E+000   4.2310235349093448E+000   6.9275301192491395E-002
1.4543916461184409E+006   2.9999880960549778E+000   2.1240498318335832E+000   4.2502999116887690E+000   8.4102244721367625E-002
1.2740070042346660E+006   3.1999871556921966E+000   2.2162042484890150E+000   4.2658659894791224E+000   9.9047297468375622E-002
1.1116841519566847E+006   3.3999862461794859E+000   2.3050891324850324E+000   4.2806137497536776E+000   1.1399421891727429E-001
9.5557475007557403E+005   3.5999854174093175E+000   2.3942424004018577E+000   4.2956451939361315E+000   1.2850796451077881E-001
8.4680474143754784E+005   3.7999845098863139E+000   2.4732455102258091E+000   4.3082954282552155E+000   1.4270905078458609E-001
7.6086858091339492E+005   3.9999835693389119E+000   2.5461952358410342E+000   4.3196546845659674E+000   1.5646540097069592E-001
6.9000956344155571E+005   4.1999826130920681E+000   2.6146774129191686E+000   4.3301018062535510E+000   1.6981224613459520E-001
6.0942307009909640E+005   4.3999817876692724E+000   2.6885692630504390E+000   4.3421420822207759E+000   1.8267761926578244E-001
5.5549780301521055E+005   4.5999808520067793E+000   2.7514599117949152E+000   4.3516925863339289E+000   1.9502193541171248E-001
5.0969311803820677E+005   4.7999799092736994E+000   2.8108199977159463E+000   4.3605816910673445E+000   2.0692376890539610E-001
4.7017659660604893E+005   4.9999789576199438E+000   2.8673652519316568E+000   4.3689690169310218E+000   2.1842174428589775E-001
4.3732971014270757E+005   5.1999779804779660E+000   2.9205654536472538E+000   4.3767015888411924E+000   2.2955670132335612E-001
4.0089585992584232E+005   5.3999770917964458E+000   2.9760511164292955E+000   4.3852163508673154E+000   2.4027000866212955E-001
3.7412053630766988E+005   5.5999761294196366E+000   3.0255301923532749E+000   4.3924096420936287E+000   2.5062296417149321E-001
3.4908898962878762E+005   5.7999751862579139E+000   3.0741030002827530E+000   4.3995463836367295E+000   2.6063588505003144E-001
3.2502401577578846E+005   5.9999742660409554E+000   3.1221192489407512E+000   4.4067048516781693E+000   2.7032707329614974E-001
3.0333009388370899E+005   6.1999733472232208E+000   3.1685790883211333E+000   4.4136310232090068E+000   2.7970464992466665E-001
2.9019139776423766E+005   6.3999723032747138E+000   3.2080751421811384E+000   4.4189184888039499E+000   2.8887774566478280E-001
2.6983185004881670E+005   6.5999714267679490E+000   3.2530238047337554E+000   4.4257978916414498E+000   2.9759327126609109E-001
2.5755252050098486E+005   6.7999704026494587E+000   3.2914439146193328E+000   4.4310907139100335E+000   3.0621768167171265E-001
2.4336626799353005E+005   6.9999694458499055E+000   3.3311606073011588E+000   4.4368837215667947E+000   3.1449001269910226E-001
2.2625401625607273E+005   7.1999685899264820E+000   3.3738068297284158E+000   4.4435391587582771E+000   3.2250224952976675E-001
2.1424774361912583E+005   7.3999676199165352E+000   3.4116242584335210E+000   4.4490634452328832E+000   3.3036239093310710E-001
2.0520627157603292E+005   7.5999665841754593E+000   3.4457200839403836E+000   4.4537963678366514E+000   3.3794445847900356E-001
1.9579728150586243E+005   7.7999655519753919E+000   3.4802184589155782E+000   4.4587155325992542E+000   3.4535531644139461E-001
1.8910110627045351E+005   7.9999643380642045E+000   3.5115786426476756E+000   4.4629271900574627E+000   3.5261209339102623E-001
1.4994455375807013E+005   8.9999456024976467E+000   3.6718695211425580E+000   4.4862673055803386E+000   3.8607730159271453E-001
1.2793236695017191E+005   9.9997775982440196E+000   3.8048601088964715E+000   4.5047133567894333E+000   4.1568049305148325E-001
1.1032514154494589E+005   1.0999711905722283E+001   3.9255855107918149E+000   4.5215633186653257E+000   4.4234327024737008E-001
9.3858410426918970E+004   1.1999635699252877E+001   4.0391366260944794E+000   4.5379571832389534E+000   4.6633109875144690E-001
8.4551990219554020E+004   1.2999547348169433E+001   4.1354313166693961E+000   4.5510912373304215E+000   4.8821033585596840E-001
7.4301715968766381E+004   1.3999447355702065E+001   4.2289706577731208E+000   4.5644583960280141E+000   5.0824568901264633E-001
6.7394938714609816E+004   1.4999334203516934E+001   4.3118550598500223E+000   4.5759225318089269E+000   5.2675961848927044E-001
6.2845588004008176E+004   1.5999210292453437E+001   4.3858656816603814E+000   4.5858295506647888E+000   5.4395089168272681E-001
5.6431405480454043E+004   1.6999076724139680E+001   4.4605261458385774E+000   4.5964920429067346E+000   5.5995613928793231E-001
5.4109251344851895E+004   1.7998926041806758E+001   4.5226501626431208E+000   4.6045426925173185E+000   5.7491684846903679E-001
4.9869971978295311E+004   1.8998767641771558E+001   4.5858301596376396E+000   4.6133291217727486E+000   5.8893398845543676E-001
4.7635016143929068E+004   1.9998592755954750E+001   4.6421881573137629E+000   4.6207705906221452E+000   6.0223004959470505E-001
4.2599309782380078E+004   2.1998209752666057E+001   4.7479121286433958E+000   4.6350411146753299E+000   6.2655098715315061E-001
3.7133257016774434E+004   2.3997784275843138E+001   4.8458950554593843E+000   4.6485625542457356E+000   6.4849957142033499E-001
3.4306823787037727E+004   2.5997300392462364E+001   4.9297938519190057E+000   4.6595526016175493E+000   6.6846887490651685E-001
3.1979381032565547E+004   2.7996761604876621E+001   5.0060006927679357E+000   4.6694356293150010E+000   6.8680623993607959E-001
2.9967563685597765E+004   2.9996169946993799E+001   5.0757975081675264E+000   4.6784003277628710E+000   7.0377525074013525E-001
2.7893883264236101E+004   3.1995669262069171E+001   5.1409243566637786E+000   4.6867803855246564E+000   7.1957855946468863E-001
2.7503086187184614E+004   3.3995127029068314E+001   5.1978558220871038E+000   4.6935868765168598E+000   7.3443131019194541E-001
2.5614445468003625E+004   3.5994652186485936E+001   5.2543466372938337E+000   4.7007999519316215E+000   7.4825056696578773E-001
2.4666266395733459E+004   3.7994234345853805E+001   5.3054075426177718E+000   4.7070057086316810E+000   7.6136950622763622E-001
2.4468405169805745E+004   3.9993799874125308E+001   5.3521436609985660E+000   4.7124149835446767E+000   7.7391901559204190E-001
2.1694884372959135E+004   4.4993102527725981E+001   5.4611047314160057E+000   4.7255453107963632E+000   8.0213889629739010E-001
2.0265070154705594E+004   4.9992704655023743E+001   5.5537684612875342E+000   4.7361035511872549E+000   8.2735428045137049E-001
1.8913694840958397E+004   5.4992684428208229E+001   5.6353731667182521E+000   4.7451411036407540E+000   8.5008152825973060E-001
1.7393007454922725E+004   5.9992553350184778E+001   5.7086985836656154E+000   4.7531874376636232E+000   8.7065156868767357E-001
1.6253987164301292E+004   6.4993105249284113E+001   5.7742740360116640E+000   4.7601219575315872E+000   8.8957025512477150E-001
1.4440908499537418E+004   6.9993883217737846E+001   5.8356958224366364E+000   4.7667095456676796E+000   9.0710597206507237E-001
1.4275780676266600E+004   7.4994084483872115E+001   5.8882550036657868E+000   4.7716697015676974E+000   9.2346525087961262E-001
1.2965464164322349E+004   7.9995133358125926E+001   5.9397860067696318E+000   4.7768180370584963E+000   9.3893408144993640E-001
1.2219390931266213E+004   8.4995792931243443E+001   5.9858451055224595E+000   4.7811835532614619E+000   9.5323259842042019E-001
1.2163625890005445E+004   8.9995440225829398E+001   6.0272538712233947E+000   4.7847145689789023E+000   9.6687494983600653E-001
1.1364441322592616E+004   9.4995257621466891E+001   6.0678753496763784E+000   4.7884178334020921E+000   9.7977916021611733E-001
1.1011753722096499E+004   9.9995050719287221E+001   6.1049181507546262E+000   4.7915489548726038E+000   9.9203831781421947E-001
1.0689430589931126E+004   1.0499497539806761E+002   6.1397953371893550E+000   4.7943985435830916E+000   1.0037777336106084E+000
9.8691173764185460E+003   1.0999507384240242E+002   6.1742244922330505E+000   4.7973750909702320E+000   1.0150392163581754E+000
9.8982252398041637E+003   1.1499457417356393E+002   6.2044771975422046E+000   4.7996083638689155E+000   1.0256990232153840E+000
9.7985595328643521E+003   1.1999411065254850E+002   6.2336204552541954E+000   4.8017302529124626E+000   1.0360268739842855E+000
8.9812299285049157E+003   1.2499393902093631E+002   6.2632900811050352E+000   4.8042260033429205E+000   1.0458701860487891E+000
8.8008108032413620E+003   1.2999353434508762E+002   6.2899050612196188E+000   4.8061526703422119E+000   1.0553243421074996E+000
8.6946798106654478E+003   1.3499311782720991E+002   6.3151681773721675E+000   4.8078995939093527E+000   1.0644620530494933E+000
8.5816651181856760E+003   1.3999274143920144E+002   6.3392277913763690E+000   4.8094789015293351E+000   1.0733332448116286E+000
8.2751585124640042E+003   1.4499252237287789E+002   6.3628696153836595E+000   4.8111559677485927E+000   1.0818000243767569E+000
7.4691860935785935E+003   1.4999276007927995E+002   6.3861338513103965E+000   4.8129928699357629E+000   1.0897583379657847E+000
6.4807174618855761E+003   1.7499231418067336E+002   6.4853071964359454E+000   4.8204529181240465E+000   1.1244249141519933E+000
5.5823772549685173E+003   1.9999178207131567E+002   6.5706780151937005E+000   4.8261173466613885E+000   1.1557814664561865E+000
5.5297602455759379E+003   2.2499023497792152E+002   6.6428771315545383E+000   4.8303889748519540E+000   1.1833377682554744E+000
5.5516672898980451E+003   2.4998885108305996E+002   6.7054332029049375E+000   4.8336288766733082E+000   1.2081360002879651E+000
5.1026474836345560E+003   2.7498799357776647E+002   6.7624113360419154E+000   4.8367264235217293E+000   1.2304299731596120E+000
4.9777552564000898E+003   2.9998664815808593E+002   6.8131560271913543E+000   4.8391770035356991E+000   1.2509011587063918E+000
