1.3622674658640738E+009   9.9999740203486773E-002   -2.8596417906205227E+000   3.5156375795875245E+000   -9.3841890230319680E-001
6.6711030345308042E+008   1.4999963223421653E-001   -2.3967668076210731E+000   3.5517669209881748E+000   -7.7924009360477275E-001
4.8465547668364751E+008   1.9999952675053442E-001   -2.1439973565799333E+000   3.5675797922328343E+000   -6.8448111057352135E-001
4.0791775115769327E+008   2.4999941880423385E-001   -1.9775255822327178E+000   3.5732778737573327E+000   -6.1264138644891064E-001
3.5909806927945441E+008   2.9999930938366798E-001   -1.8456843977069581E+000   3.5775059430972034E+000   -5.5517693286577263E-001
3.1696193418454558E+008   3.0999930573259959E-001   -1.8217708659706497E+000   3.5783909713702076E+000   -5.4499022354362769E-001
1.8445929001280260E+008   3.1999935658050632E-001   -1.7934186790895499E+000   3.5792126160946718E+000   -5.3245741955200387E-001
1.8124416963061374E+008   3.2999933496380957E-001   -1.7689038689791914E+000   3.5802812462548670E+000   -5.2233727481721515E-001
1.7816730176873094E+008   3.3999931281682660E-001   -1.7433383436579153E+000   3.5814570099823460E+000   -5.1190603961153680E-001
1.6578144593381372E+008   3.4999929687579368E-001   -1.7147193286938709E+000   3.5828116885526740E+000   -5.0030588927016828E-001
1.6640389930801937E+008   3.5999927155669742E-001   -1.6880942800886638E+000   3.5842249486187536E+000   -4.8981988509972502E-001
1.6255445258112156E+008   3.6999924898749748E-001   -1.6593936413759898E+000   3.5858156213784125E+000   -4.7865091126270587E-001
1.6192224201642281E+008   3.7999922323288171E-001   -1.6307264964607908E+000   3.5875340527943393E+000   -4.6775420163695897E-001
1.5452323453996760E+008   3.8999920274092709E-001   -1.5988601270161642E+000   3.5895373090983047E+000   -4.5582752952257827E-001
1.5678873343127838E+008   3.9999917278600666E-001   -1.5697803820401517E+000   3.5915582443404288E+000   -4.4532952751881982E-001
1.3932953384264746E+008   4.4999903882974313E-001   -1.4057184264898124E+000   3.6052571993050284E+000   -3.9069645967284905E-001
1.2611479534960636E+008   4.9999887939790033E-001   -1.2419365658577290E+000   3.6222168641126142E+000   -3.4272485897197869E-001
9.2505343519685820E+007   5.4999876560097427E-001   -1.0647866249363798E+000   3.6465751591974338E+000   -3.0286647868094385E-001
7.3467663598505720E+007   5.9999863206887216E-001   -8.9676859253557228E-001   3.6720850778313214E+000   -2.6987729974831581E-001
5.8848755349056117E+007   6.4999849831733825E-001   -7.3506348136705291E-001   3.6985859056766395E+000   -2.4202639985469213E-001
4.9313492331777290E+007   6.9999834860668564E-001   -5.8698682991387741E-001   3.7224804066376693E+000   -2.1577707605016261E-001
4.2604122966581166E+007   7.4999818242677441E-001   -4.4853521548847303E-001   3.7436779595857268E+000   -1.8894637473357673E-001
3.6290349307838105E+007   7.9999801968577589E-001   -3.1546470355852052E-001   3.7630874112570760E+000   -1.6123002211129836E-001
3.2225277246692117E+007   8.4999782575432403E-001   -1.9157591714060399E-001   3.7798938665792168E+000   -1.3289853954662259E-001
3.0255065856689103E+007   8.9999757448379436E-001   -7.6616045077736575E-002   3.7944800260723568E+000   -1.0459092250146830E-001
2.8795158603048664E+007   9.1999749004745990E-001   -3.2821558918125396E-002   3.7998413347988400E+000   -9.3416296874627824E-002
2.6953243885419242E+007   9.3999742125280850E-001   1.0092940098570188E-002   3.8050298157995610E+000   -8.2336009367723825E-002
2.5326534077153519E+007   9.5999734942266179E-001   5.1912866027841335E-002   3.8100377850203362E+000   -7.1441984844638429E-002
2.3976384735452909E+007   9.7999727050207264E-001   9.2795202366303675E-002   3.8148842824632547E+000   -6.0693811561244287E-002
2.2870609611317270E+007   9.9999718363153423E-001   1.3261774005744029E-001   3.8196038798904648E+000   -5.0221737570095799E-002
2.2148938241369154E+007   1.0199970790122117E+000   1.7158285787188468E-001   3.8242135122054490E+000   -3.9958443292841456E-002
2.0646744610678539E+007   1.0399970197971433E+000   2.1074499129552193E-001   3.8289269850699332E+000   -2.9804322309992276E-002
1.9798779643882360E+007   1.0599969269787803E+000   2.4818649435574536E-001   3.8334756731418116E+000   -2.0180946923636235E-002
1.9155185578792755E+007   1.0799968222739422E+000   2.8517717394939751E-001   3.8380837165076294E+000   -1.0901693858445170E-002
1.8066786184589319E+007   1.0999967521240037E+000   3.2131724793365962E-001   3.8426993762640969E+000   -2.0629763792495278E-003
1.7102700465255369E+007   1.1199966786189015E+000   3.5709351509519965E-001   3.8474398927194482E+000   6.3441242908178737E-003
2.1154590565310858E+007   1.1399961592605026E+000   3.9914715059290984E-001   3.8540876890845359E+000   1.4075349309497498E-002
1.9544289268712688E+007   1.1599961269397405E+000   4.3338484809972483E-001   3.8592986568207985E+000   2.0772262590378354E-002
1.9517077057320021E+007   1.1799959444250456E+000   4.6697212497344182E-001   3.8649606402449450E+000   2.6241934178944298E-002
1.8319910254018091E+007   1.1999958892337350E+000   4.9974664181441347E-001   3.8707098535922149E+000   3.1130765904890952E-002
1.7224359869452700E+007   1.2199958356731417E+000   5.3193411526459389E-001   3.8768663814692692E+000   3.4911446875873213E-002
1.6915925417293958E+007   1.2399956935388918E+000   5.6292458240944432E-001   3.8834486495772289E+000   3.7242144232377705E-002
1.6383044956299417E+007   1.2599955828552540E+000   5.9335710374140516E-001   3.8901239578948439E+000   3.9107788263127753E-002
1.5774416955160465E+007   1.2799954875049466E+000   6.2320572249760686E-001   3.8968837026132923E+000   4.0512608204332369E-002
1.4979692474478288E+007   1.2999954263092734E+000   6.5272554833519214E-001   3.9035605316697675E+000   4.1918863010175424E-002
1.4571259148053678E+007   1.3199953115906848E+000   6.8117726422974434E-001   3.9101102281213413E+000   4.3045328054304402E-002
1.3504905301579725E+007   1.3399953113720489E+000   7.1030289378917277E-001   3.9165968794826487E+000   4.4634840111403777E-002
1.3268738614456147E+007   1.3599951773866708E+000   7.3728180149145695E-001   3.9228574939929497E+000   4.5603064941943834E-002
1.2568503754533350E+007   1.3799951308711726E+000   7.6494203061027877E-001   3.9290760499622985E+000   4.6996067562656091E-002
1.1956006504729712E+007   1.3999950764610891E+000   7.9199361799905099E-001   3.9351424788149632E+000   4.8389003551713210E-002
1.1975723965609910E+007   1.4199948985836586E+000   8.1687804938983199E-001   3.9409830661538883E+000   4.9150044569253523E-002
1.1691584848182153E+007   1.4399947826640618E+000   8.4225312179953438E-001   3.9467686683230956E+000   5.0266376435689618E-002
1.0852746138714513E+007   1.4599947954634838E+000   8.6873744584942636E-001   3.9525615515459771E+000   5.1922772014872089E-002
1.0698527353325518E+007   1.4799946586339174E+000   8.9285838626128122E-001   3.9581003416949940E+000   5.2905661922765447E-002
1.0549038580321390E+007   1.4999945204176262E+000   9.1675195679087540E-001   3.9635537991410201E+000   5.3945532295511682E-002
9.9994933914739378E+006   1.5199944829751415E+000   9.4151282749847298E-001   3.9689454646448130E+000   5.5542636641724853E-002
9.6799697082510740E+006   1.5399943955831834E+000   9.6506500804215944E-001   3.9742460910886868E+000   5.6717474025819975E-002
9.3269069747857079E+006   1.5599943220415204E+000   9.8850187239067877E-001   3.9794838852300241E+000   5.7960317917405357E-002
9.2600306574239694E+006   1.5799941684265593E+000   1.0104328580266766E+000   3.9845271487904244E+000   5.8839283614604186E-002
8.9402337219317444E+006   1.5999940918711710E+000   1.0329792329461700E+000   3.9895416643983834E+000   6.0083439858431203E-002
8.7531654326673318E+006   1.6199939775614567E+000   1.0546959220325882E+000   3.9944248049220423E+000   6.1175503354323507E-002
8.4579123639781103E+006   1.6399939012641314E+000   1.0765147768705974E+000   3.9992536641194456E+000   6.2427212378521175E-002
8.3872027159641543E+006   1.6599937513073655E+000   1.0971704994524776E+000   4.0039114441945562E+000   6.3439513519241028E-002
8.1919498685260452E+006   1.6799936456728533E+000   1.1179709361992771E+000   4.0085153978620154E+000   6.4631824557721679E-002
7.8976588417992834E+006   1.6999935800874104E+000   1.1387989217422612E+000   4.0130627275371618E+000   6.5951157978920219E-002
7.6882925252364343E+006   1.7199934860273989E+000   1.1590399295306855E+000   4.0175035364699694E+000   6.7190044007518976E-002
7.3627540178126916E+006   1.7399934436218576E+000   1.1795347672872314E+000   4.0219167185878018E+000   6.8611098650126393E-002
7.2590294946938697E+006   1.7599933138764550E+000   1.1987814989085965E+000   4.0261456777631022E+000   6.9776546110207574E-002
7.1839893635807624E+006   1.7799931723403890E+000   1.2177297861378091E+000   4.0302850702268422E+000   7.0971904797334590E-002
6.8192883573050434E+006   1.7999931617424931E+000   1.2375779069956259E+000   4.0344986978282815E+000   7.2468710023363289E-002
6.7725513349652402E+006   1.8199930108270137E+000   1.2557992286886286E+000   4.0384554628267537E+000   7.3665840872920968E-002
6.6303985966284489E+006   1.8399929052428885E+000   1.2742511837351722E+000   4.0424011346496505E+000   7.5000474750399157E-002
6.5857768893778492E+006   1.8599927530208844E+000   1.2921906461598203E+000   4.0462331446716329E+000   7.6306185918758221E-002
6.3692085625587059E+006   1.8799926890205823E+000   1.3103752934237756E+000   4.0500674964187420E+000   7.7729806056517470E-002
6.2145019577519121E+006   1.8999925972626031E+000   1.3282101116625809E+000   4.0538212251130092E+000   7.9139757787385426E-002
5.9974537309464915E+006   1.9199925424256081E+000   1.3459528793478293E+000   4.0575320318840360E+000   8.0589528087955872E-002
5.8280167158231027E+006   1.9399924663723211E+000   1.3633505265232910E+000   4.0611510792051408E+000   8.2050257033475987E-002
5.8192766102687819E+006   1.9599922983849429E+000   1.3801042653737250E+000   4.0646328095371675E+000   8.3463665794641859E-002
5.6900236541473716E+006   1.9799922026723200E+000   1.3969492608198324E+000   4.0681059999351534E+000   8.4939782721721688E-002
5.4119605480423160E+006   1.9999922036908027E+000   1.4140485041934352E+000   4.0716213629964697E+000   8.6458678285891377E-002
5.4863543709669933E+006   2.0199919833070306E+000   1.4300168225858689E+000   4.0748699553357968E+000   8.7945652803453733E-002
5.1955605894277850E+006   2.0399920036115682E+000   1.4466558040488808E+000   4.0782690149524994E+000   8.9467024301556133E-002
5.0741893868948417E+006   2.0599919159610369E+000   1.4626917749523642E+000   4.0815123068986390E+000   9.0998425861017834E-002
4.9544646131576942E+006   2.0799918297067341E+000   1.4785711464440539E+000   4.0847089543336175E+000   9.2544816736904817E-002
4.7412851014740607E+006   2.0999918159888193E+000   1.4947517920919600E+000   4.0879729081468312E+000   9.4107231934431476E-002
4.7471719199352954E+006   2.1199916428370496E+000   1.5097221731798782E+000   4.0909331931541031E+000   9.5671852463846713E-002
4.6005695864312565E+006   2.1399915862603667E+000   1.5251701101728958E+000   4.0940082779983200E+000   9.7245651271920086E-002
4.4792870055416580E+006   2.1599915147982474E+000   1.5404044143220885E+000   4.0970265438589095E+000   9.8826271625338996E-002
4.2778187199679259E+006   2.1799915130867547E+000   1.5560906049289767E+000   4.1001475490185220E+000   1.0042735660955894E-001
4.1894086074999277E+006   2.1999914221295902E+000   1.5708434422989834E+000   4.1030393226351878E+000   1.0202022806123033E-001
4.0981930770523306E+006   2.2199913359650467E+000   1.5854814863710522E+000   4.1058993809417910E+000   1.0361913348405766E-001
4.0990597662696810E+006   2.2399911692522911E+000   1.5992783841594784E+000   4.1085290414341964E+000   1.0525826139345990E-001
3.9117373508253377E+006   2.2599911754413391E+000   1.6144125191932377E+000   4.1115199763183261E+000   1.0684345914208024E-001
3.8170960587574258E+006   2.2799911011330285E+000   1.6287119159202983E+000   4.1142803452217898E+000   1.0847241969868303E-001
3.7565347102117771E+006   2.2999909957770583E+000   1.6424985231524136E+000   4.1169099626836738E+000   1.1010648839097144E-001
3.7291205812925715E+006   2.3199908584274929E+000   1.6558607896931625E+000   4.1194154026790546E+000   1.1177674167058624E-001
3.6294116089601307E+006   2.3399907960973274E+000   1.6698067751911723E+000   4.1220870883790344E+000   1.1340636301963107E-001
3.5355267545716558E+006   2.3599907314424518E+000   1.6835901103950417E+000   4.1247094931978863E+000   1.1505322098386224E-001
3.4265163401322803E+006   2.3799906859278570E+000   1.6975850795089329E+000   4.1273871198560039E+000   1.1669545222457178E-001
3.3071136460015741E+006   2.3999906573071170E+000   1.7120801478819652E+000   4.1301648493593790E+000   1.1838752740433760E-001
3.2889983810135690E+006   2.4199905166564948E+000   1.7241379368352665E+000   4.1323671443946770E+000   1.2001183181039225E-001
3.2249658702640808E+006   2.4399904299225672E+000   1.7371961211521298E+000   4.1347955116432855E+000   1.2168418947160800E-001
3.1297564972505872E+006   2.4599903836703496E+000   1.7508901910236068E+000   4.1373829053147553E+000   1.2335643706440502E-001
3.0753654435383487E+006   2.4799902899425130E+000   1.7635654164278056E+000   4.1397201703543081E+000   1.2501951968739994E-001
3.0185730323308352E+006   2.4999902012351884E+000   1.7762240081270102E+000   4.1420511563034532E+000   1.2668684363871327E-001
2.9536210882774438E+006   2.5199901252234755E+000   1.7890074171324193E+000   4.1444137826118013E+000   1.2835329552472158E-001
2.9409393639789158E+006   2.5399899816255971E+000   1.8004604051673410E+000   4.1464271618955646E+000   1.3005303097465429E-001
2.8661829350136123E+006   2.5599899223803191E+000   1.8132506741661498E+000   4.1487988238682245E+000   1.3170484152873907E-001
2.7848437312462120E+006   2.5799898765396647E+000   1.8263155674347260E+000   4.1512341229287335E+000   1.3336669004200957E-001
2.7454119355398179E+006   2.5999897733588462E+000   1.8380611653246908E+000   4.1533391917961398E+000   1.3502935125217824E-001
2.6940291522029634E+006   2.6199896893130736E+000   1.8501555894945976E+000   4.1555265401487373E+000   1.3670186663193770E-001
2.6157887203249796E+006   2.6399896480795113E+000   1.8632723431433815E+000   4.1579662015899377E+000   1.3838092057392862E-001
2.5708429592815768E+006   2.6599895592053269E+000   1.8749734415782013E+000   4.1600634470731377E+000   1.4003697882493854E-001
2.5699812481153375E+006   2.6799894014296766E+000   1.8850997915953795E+000   4.1617587368556563E+000   1.4170957426848893E-001
2.4672547799269990E+006   2.6999894089208261E+000   1.8990447094470495E+000   4.1644081579222378E+000   1.4338319106116401E-001
2.4179337423469196E+006   2.7199893332458895E+000   1.9110155711573729E+000   4.1665688541881201E+000   1.4504722938455922E-001
2.4067448630939252E+006   2.7399891946270287E+000   1.9207857995073783E+000   4.1682107697796686E+000   1.4664851237646614E-001
2.4021507779249242E+006   2.7599890437378760E+000   1.9308248816145248E+000   4.1698697381406964E+000   1.4835011670798315E-001
2.3569893441276550E+006   2.7799889641232274E+000   1.9421836842513969E+000   4.1718899717025701E+000   1.4998905090267289E-001
2.2778737854853054E+006   2.7999889488772789E+000   1.9548941455196558E+000   4.1742730225638356E+000   1.5157817981427107E-001
1.9086247097032224E+006   2.9999881385743956E+000   2.0638067998602021E+000   4.1933779244961276E+000   1.6782470311995815E-001
1.6557113596775574E+006   3.1999872210407689E+000   2.1614318775971602E+000   4.2099717145181561E+000   1.8344966194438111E-001
1.4310682786208373E+006   3.3999863592650756E+000   2.2545325356011712E+000   4.2256968544878672E+000   1.9854971100696406E-001
1.2544276006166337E+006   3.5999854577480321E+000   2.3413392981121866E+000   4.2401515282537581E+000   2.1304374473069124E-001
1.1122231046119484E+006   3.7999845353943771E+000   2.4219503938086100E+000   4.2533527872699617E+000   2.2694677454649448E-001
9.7164906358695182E+005   3.9999837031289780E+000   2.5006982221573453E+000   4.2663611190124282E+000   2.4030402523592934E-001
8.8544004986829963E+005   4.1999826671112750E+000   2.5701817150612571E+000   4.2773278037140372E+000   2.5311240228466708E-001
7.9557080275249260E+005   4.3999817305862754E+000   2.6389476562685128E+000   4.2883839010970570E+000   2.6538317812225637E-001
7.1654809187560389E+005   4.5999808065452887E+000   2.7046575295366417E+000   4.2989259100394515E+000   2.7715409687153214E-001
6.4400418673498987E+005   4.7999799189158372E+000   2.7681734848326358E+000   4.3091566623612678E+000   2.8845056987589557E-001
5.9232995561722945E+005   4.9999789120939289E+000   2.8265484880779495E+000   4.3182802207406450E+000   2.9939095473979849E-001
5.4054423694254598E+005   5.1999779734060496E+000   2.8836609083612244E+000   4.3273076991479043E+000   3.0989220806691620E-001
4.8777026643716142E+005   5.3999771388357196E+000   2.9409465590654622E+000   4.3365517864773544E+000   3.2004685876013650E-001
4.5737872242845700E+005   5.5999760599716000E+000   2.9905645859072547E+000   4.3440872749762942E+000   3.2978489518315257E-001
4.1859324044618179E+005   5.7999751726892166E+000   3.0422913642508176E+000   4.3522911289363755E+000   3.3924057643477157E-001
3.8842035748062166E+005   5.9999742105110858E+000   3.0906310140561928E+000   4.3598044279656705E+000   3.4838380327886931E-001
3.6702927443577984E+005   6.1999731404580700E+000   3.1349707535259186E+000   4.3664730983053586E+000   3.5721633233435590E-001
3.4111264248515008E+005   6.3999722079413370E+000   3.1803194386824534E+000   4.3735339133105571E+000   3.6576904490222634E-001
3.1938145619061787E+005   6.5999712423010575E+000   3.2234798380817344E+000   4.3801688227040589E+000   3.7407942581486187E-001
3.0334245150333241E+005   6.7999701810486401E+000   3.2638785780598361E+000   4.3862181107392910E+000   3.8218021973344996E-001
2.8536731597753405E+005   6.9999692101294571E+000   3.3042237173291551E+000   4.3923971556261279E+000   3.8999469959443644E-001
2.6988922104652732E+005   7.1999682144928663E+000   3.3429694380102113E+000   4.3982745575642763E+000   3.9761275605866542E-001
2.4896358383908466E+005   7.3999674387442838E+000   3.3836130764837185E+000   4.4047555090389574E+000   4.0497267234605755E-001
2.3907519794444466E+005   7.5999663414343006E+000   3.4184410272973049E+000   4.4098766592958620E+000   4.1214434723904197E-001
2.2419396637702221E+005   7.7999654651581780E+000   3.4554026114164489E+000   4.4156166518223809E+000   4.1914515424557536E-001
2.1706167721664454E+005   7.9999643107969129E+000   3.4877772992540370E+000   4.4202952333939081E+000   4.2597533502131624E-001
1.7072731279246489E+005   8.9999513358015175E+000   3.6473702853320176E+000   4.4444060839959292E+000   4.5755012685626445E-001
1.3765679954977118E+005   9.9997206152699967E+000   3.7875519972660010E+000   4.4654638482348430E+000   4.8552545434542727E-001
1.1755605920625127E+005   1.0999632374405065E+001   3.9101422192367252E+000   4.4834963439783699E+000   5.1075557384373527E-001
9.9972003914087691E+004   1.1999528470405036E+001   4.0224828103628418E+000   4.5001427763047639E+000   5.3363300475400621E-001
8.9337827759295033E+004   1.2999404938054148E+001   4.1216711557867018E+000   4.5144595213009628E+000   5.5459368747353743E-001
7.7174814151578248E+004   1.3999266317938300E+001   4.2158004661822917E+000   4.5283710005159277E+000   5.7383538424140490E-001
6.9290111400176669E+004   1.4999106029573291E+001   4.2999985313859526E+000   4.5405270710832868E+000   5.9162227570851589E-001
6.3071586724413042E+004   1.5998925818837696E+001   4.3773966811124074E+000   4.5515969604106026E+000   6.0818157191711208E-001
5.9762723806701804E+004   1.6998716377819751E+001   4.4471364989860840E+000   4.5612848776152957E+000   6.2367564644456330E-001
5.3496493426716574E+004   1.7998500513137095E+001   4.5159192602136340E+000   4.5712361927601046E+000   6.3816439676872150E-001
5.0647703275725180E+004   1.8998248278704462E+001   4.5771435043411994E+000   4.5797227704192798E+000   6.5180336351415435E-001
4.6440300132401964E+004   1.9997986928515214E+001   4.6367743134008315E+000   4.5881804429408799E+000   6.6470342300076946E-001
4.2309008703157830E+004   2.1997363931438922E+001   4.7418068916407146E+000   4.6025614079837212E+000   6.8845778203502939E-001
3.7054365577142140E+004   2.3996681311550777E+001   4.8380755970265605E+000   4.6158976902220115E+000   7.0991957025137042E-001
3.4766478261466487E+004   2.5995853085290346E+001   4.9218531093237559E+000   4.6270577838169737E+000   7.2948813921004452E-001
3.1225884403360862E+004   2.7994981054074593E+001   5.0001788953039235E+000   4.6376438458500191E+000   7.4747890813403717E-001
2.8809303351091778E+004   2.9993989598689833E+001   5.0709406137571964E+000   4.6469897560763913E+000   7.6416794690792955E-001
2.7013829188672935E+004   3.1992984268883742E+001   5.1353354174735406E+000   4.6553119562291485E+000   7.7972094846058637E-001
2.5800336027194226E+004   3.3991873177011392E+001   5.1944689523617651E+000   4.6627789959417862E+000   7.9435363647942325E-001
2.4451530180424805E+004   3.5990775215852203E+001   5.2499100213450394E+000   4.6697287721841594E+000   8.0817461848631444E-001
2.3469157387547682E+004   3.7989703898609854E+001   5.3013132216559935E+000   4.6760314656151030E+000   8.2127083177990445E-001
2.2461667273482475E+004   3.9988651548263093E+001   5.3496006393611459E+000   4.6818996017451209E+000   8.3367826837244474E-001
2.0266095202857130E+004   4.4986434346761513E+001   5.4581266836356059E+000   4.6948232494680342E+000   8.6209399506384776E-001
1.8144695697111412E+004   4.9984770905802399E+001   5.5528868373003926E+000   4.7056857844290292E+000   8.8774900197425188E-001
1.6685038951368831E+004   5.4983467431808727E+001   5.6352421906335426E+000   4.7148082116520653E+000   9.1068182419475441E-001
1.5941263140779023E+004   5.9981865404433059E+001   5.7076990362623095E+000   4.7225712429166764E+000   9.3138418447991611E-001
1.4745842853582684E+004   6.4981051175424355E+001   5.7734598051107255E+000   4.7294834947144890E+000   9.5044006530849745E-001
1.3851769976559353E+004   6.9980573181546760E+001   5.8330529253677028E+000   4.7355474508156714E+000   9.6810871323462266E-001
1.3284547696925727E+004   7.4980489180955374E+001   5.8870093498479079E+000   4.7408080049128571E+000   9.8456581728035353E-001
1.2879029343781174E+004   7.9980722664862469E+001   5.9366154969383249E+000   4.7454812674843572E+000   1.0000223656825604E+000
1.1595908934991741E+004   8.4980997722857410E+001   5.9838221350052203E+000   4.7500463056721962E+000   1.0144956083403309E+000
1.1507803152244285E+004   8.9979022499347906E+001   6.0257304701372005E+000   4.7538161935025656E+000   1.0279100002455819E+000
1.0953017226119366E+004   9.4977926154610671E+001   6.0657783836587500E+000   4.7574787976402737E+000   1.0406087487309408E+000
9.9721990324050621E+003   9.9977733320495418E+001   6.1041790836062439E+000   4.7610520537971901E+000   1.0526625863908545E+000
9.4962910303873778E+003   1.0497710606958432E+002   6.1394688712326708E+000   4.7641230627165339E+000   1.0641654623653811E+000
9.8352098774414844E+003   1.0997556830102600E+002   6.1712737835613121E+000   4.7665591343489258E+000   1.0751957752649193E+000
8.7809227121381427E+003   1.1497749687414641E+002   6.2040302853444782E+000   4.7694332154894497E+000   1.0858258638754523E+000
8.9637841875976446E+003   1.1997484611631816E+002   6.2327152881595920E+000   4.7715843274641099E+000   1.0958661413336890E+000
8.6377072467272101E+003   1.2497319957443756E+002   6.2609948491165790E+000   4.7737872309057545E+000   1.1056001149288939E+000
8.3846842035690133E+003   1.2997147246027245E+002   6.2878121432834329E+000   4.7758176851366949E+000   1.1149478535504398E+000
7.8326409295425892E+003   1.3497063811679288E+002   6.3140121573932859E+000   4.7777746537577581E+000   1.1241339233632410E+000
7.7978716198864968E+003   1.3996862376099804E+002   6.3380299213751945E+000   4.7794380776852918E+000   1.1328159574991263E+000
7.3030533087447920E+003   1.4496817914341679E+002   6.3619070619879885E+000   4.7811636697729512E+000   1.1413033436302049E+000
6.9039426732663505E+003   1.4996822577838154E+002   6.3842358964181987E+000   4.7830184150548956E+000   1.1487582702814214E+000
5.8854512896838469E+003   1.7496646524744028E+002   6.4842717012880771E+000   4.7904113321753385E+000   1.1839903384754757E+000
5.5009875046102024E+003   1.9996199113470030E+002   6.5684524185503115E+000   4.7956954982413160E+000   1.2155123649746367E+000
5.5397941304950982E+003   2.2495424173338159E+002   6.6408150682039722E+000   4.7999093869655640E+000   1.2432659123529719E+000
4.9660743062801548E+003   2.4995126783535878E+002   6.7048310912841629E+000   4.8033694725964597E+000   1.2683537526312756E+000
5.0611238139930447E+003   2.7494366914015325E+002   6.7609653849771023E+000   4.8062174018428845E+000   1.2907250409848954E+000
4.9431828623444562E+003   2.9993725487333575E+002   6.8118306137634574E+000   4.8086563959303126E+000   1.3112796672032163E+000
