1.1939010176814179E+009   9.9999722943057451E-002   -2.7102115788003047E+000   3.5730521525441490E+000   -9.7853294230633681E-001
4.5725593351746356E+008   1.4999962581056583E-001   -2.1983848440819065E+000   3.6154657918528366E+000   -8.0744685356451329E-001
3.1301193953191316E+008   1.9999952757784153E-001   -1.9520243659309764E+000   3.6283476524182214E+000   -7.1003033561981599E-001
2.6813937192758870E+008   2.4999941658253300E-001   -1.7871957915390324E+000   3.6332253280193578E+000   -6.3737139962611777E-001
2.0550334990170637E+008   2.9999932986178540E-001   -1.6552422626983532E+000   3.6373701678194208E+000   -5.7968431480590366E-001
2.1150879811525267E+008   3.0999929895961764E-001   -1.6300892617154981E+000   3.6386113086200638E+000   -5.6959009591576149E-001
1.9338913611736184E+008   3.1999928802632732E-001   -1.6056702554146005E+000   3.6398629270183895E+000   -5.5988382956196481E-001
1.9594649322441354E+008   3.2999925970457356E-001   -1.5818078192629381E+000   3.6411303521725955E+000   -5.5048746179454677E-001
1.8439222459796554E+008   3.3999924382561958E-001   -1.5585768325328675E+000   3.6424050792418683E+000   -5.4142142256805859E-001
1.8096853674801764E+008   3.4999922046903820E-001   -1.5356723535288008E+000   3.6436994094350124E+000   -5.3255784345231139E-001
1.4001767983304840E+008   3.5999923407659107E-001   -1.5079824673289774E+000   3.6450383485281002E+000   -5.2139077853857563E-001
1.4654521275556588E+008   3.6999919994634678E-001   -1.4831089360504088E+000   3.6465535824191182E+000   -5.1198448068132751E-001
1.1891432985941799E+008   3.7999920558850264E-001   -1.4570947304916178E+000   3.6482401725580340E+000   -5.0235055817976271E-001
1.1715126764396170E+008   3.8999918139218553E-001   -1.4310687933136674E+000   3.6500450217975819E+000   -4.9294728806988375E-001
1.1774396240630597E+008   3.9999915315810447E-001   -1.4044657997882726E+000   3.6519450594498677E+000   -4.8344586661175881E-001
1.0282330417974594E+008   4.4999902723586327E-001   -1.2595989503132103E+000   3.6640082517865213E+000   -4.3513882654753400E-001
8.3466355184903294E+007   4.9999890045321416E-001   -1.1022911006332368E+000   3.6800942173230409E+000   -3.8865683278058638E-001
6.5722283240014240E+007   5.4999877145724674E-001   -9.3941599270994725E-001   3.7004130949885017E+000   -3.4785703414986424E-001
5.0418292378017336E+007   5.9999864655948310E-001   -7.7649215468004718E-001   3.7225450492821914E+000   -3.1065902372229326E-001
4.0958570617508724E+007   6.4999850422733219E-001   -6.2119970260698698E-001   3.7445349695778165E+000   -2.7699263827701204E-001
3.4056145903776087E+007   6.9999835150880574E-001   -4.7271503763289935E-001   3.7657289221567423E+000   -2.4513821094782023E-001
2.8537217025860254E+007   7.4999819228606401E-001   -3.3085942457711537E-001   3.7856121491677688E+000   -2.1397685844198239E-001
2.5152194207922962E+007   7.9999800417050226E-001   -1.9772931001986102E-001   3.8036962272283623E+000   -1.8357995728454124E-001
2.3056541134485781E+007   8.4999778225937250E-001   -7.3492380167833063E-002   3.8204060713246242E+000   -1.5488118055105110E-001
2.1271306146703407E+007   8.9999754017625366E-001   4.0658282218048521E-002   3.8358791558819507E+000   -1.2875201847276235E-001
1.9677093968099754E+007   9.1999747644110197E-001   8.4558966366330146E-002   3.8419742806756609E+000   -1.1899192598604381E-001
1.8705409759098817E+007   9.3999739151272277E-001   1.2702538054832171E-001   3.8479589455953174E+000   -1.0972804873436033E-001
1.8797745298838574E+007   9.5999725845768835E-001   1.6916334207255229E-001   3.8538652970992304E+000   -1.0047177098007055E-001
1.6663549373804761E+007   9.7999723518907200E-001   2.0852468661165371E-001   3.8597717813727996E+000   -9.2604067257658115E-002
1.5601408348947892E+007   9.9999716501969871E-001   2.4828931956862538E-001   3.8659264223949332E+000   -8.5031032823439073E-002
1.5210106730878785E+007   1.0199970587295386E+000   2.8683203306279070E-001   3.8720891008005731E+000   -7.8085032887636532E-002
1.4938061416512007E+007   1.0399969439896903E+000   3.2441745371853337E-001   3.8783606027909916E+000   -7.1835326540603511E-002
1.4387224196262375E+007   1.0599968489167837E+000   3.6128943785094125E-001   3.8849132060640073E+000   -6.6504541020430241E-002
1.3741927746073948E+007   1.0799967643757011E+000   3.9755943117913839E-001   3.8919641956619113E+000   -6.2471523552139988E-002
1.3004529564963566E+007   1.0999966919760167E+000   4.3322339855813358E-001   3.8993784967931124E+000   -5.9468142125045045E-002
1.2585765424357384E+007   1.1199965953404671E+000   4.6761811345818460E-001   3.9068997406232278E+000   -5.7313272335248917E-002
1.2461360223844642E+007   1.1399964721774269E+000   5.0073379822325759E-001   3.9142761039083327E+000   -5.5508156522921979E-002
1.1785877051696887E+007   1.1599964045161328E+000   5.3398999310218331E-001   3.9217450487843815E+000   -5.3817948835558009E-002
1.1914555021633452E+007   1.1799962527907020E+000   5.6539996063076714E-001   3.9287750447674470E+000   -5.2172957037397383E-002
1.1368404811952977E+007   1.1999961754992265E+000   5.9695184103681809E-001   3.9358906942964325E+000   -5.0628315892341916E-002
1.0659475451424178E+007   1.2199961231480319E+000   6.2823749423917330E-001   3.9429429846012880E+000   -4.9090069900876381E-002
1.0466647272684338E+007   1.2399960088830062E+000   6.5803150822606760E-001   3.9496389310276725E+000   -4.7584955760197313E-002
1.0009627141132943E+007   1.2599959317414977E+000   6.8777675053984122E-001   3.9563325339883613E+000   -4.6099540524688905E-002
9.6348687055534348E+006   1.2799958461196872E+000   7.1683077748526747E-001   3.9628516280511530E+000   -4.4610715177559684E-002
9.2679256266611367E+006   1.2999957629553633E+000   7.4529419645108796E-001   3.9692395165138206E+000   -4.3154782619983588E-002
9.0595059345890079E+006   1.3199956562611646E+000   7.7281383154774774E-001   3.9754065656320070E+000   -4.1729063308025546E-002
8.8159051041656807E+006   1.3399955566493684E+000   7.9999712998852601E-001   3.9814914609906533E+000   -4.0307204804930406E-002
8.7388252078328524E+006   1.3599954286940568E+000   8.2636487066450859E-001   3.9873644886334660E+000   -3.8869389752563682E-002
8.1270903658685461E+006   1.3799954006988620E+000   8.5344144544413136E-001   3.9934249638917181E+000   -3.7452052879255848E-002
7.9076633779805396E+006   1.3999953028142644E+000   8.7907084317199280E-001   3.9991369657816103E+000   -3.6061357795109147E-002
7.8435773622045266E+006   1.4199951747051902E+000   9.0388912958567424E-001   4.0046543577080458E+000   -3.4686998441141328E-002
7.4749724160342803E+006   1.4399951115969969E+000   9.2912598313185291E-001   4.0102699399208435E+000   -3.3299736093646427E-002
7.3589770857500359E+006   1.4599949955802551E+000   9.5329550969189425E-001   4.0156290217573938E+000   -3.1933136486725675E-002
7.1692142971821772E+006   1.4799948971140831E+000   9.7722593519088241E-001   4.0209254115332023E+000   -3.0560703288848495E-002
6.8948048943911763E+006   1.4999948216571994E+000   1.0010489980702868E+000   4.0262051582858769E+000   -2.9208665354496125E-002
6.6032505570440143E+006   1.5199947541420904E+000   1.0246321144795780E+000   4.0314229900668233E+000   -2.7852770711744891E-002
6.4723578915529791E+006   1.5399946474507775E+000   1.0472813566197412E+000   4.0364259764373509E+000   -2.6534122382716675E-002
6.4690089571065363E+006   1.5599945049910966E+000   1.0692697265958790E+000   4.0412433493940672E+000   -2.5174683308082105E-002
6.0693139569860548E+006   1.5799944785233802E+000   1.0921250525067652E+000   4.0463067549230800E+000   -2.3873831410663442E-002
5.9502010458924454E+006   1.5999943720999683E+000   1.1137576412324239E+000   4.0510654105911108E+000   -2.2574848383895778E-002
5.7040553458999479E+006   1.6199943078133627E+000   1.1356496867334211E+000   4.0558850665478570E+000   -2.1268137546889592E-002
5.5322134940678822E+006   1.6399942223907824E+000   1.1569387240456785E+000   4.0605618150359595E+000   -1.9977115866964996E-002
5.3485505583022749E+006   1.6599941444436677E+000   1.1780986188228844E+000   4.0652014858712606E+000   -1.8676510148965222E-002
5.2339778865755340E+006   1.6799940433915106E+000   1.1984473374464129E+000   4.0696601874807596E+000   -1.7419554056200322E-002
5.3001156338512450E+006   1.6999938765008116E+000   1.2176545147289373E+000   4.0738328227172351E+000   -1.6161235887888283E-002
5.0843474845491275E+006   1.7199938153025156E+000   1.2379806289018376E+000   4.0783048839000493E+000   -1.4942301167066893E-002
4.8153662409020634E+006   1.7399937806159884E+000   1.2586970367071200E+000   4.0828496849723797E+000   -1.3673699409086975E-002
4.9111997557540825E+006   1.7599935981440076E+000   1.2767809785365796E+000   4.0867668506989041E+000   -1.2466059947404547E-002
4.7755570652240766E+006   1.7799935121362638E+000   1.2960223841218559E+000   4.0909743919960508E+000   -1.1260439749059881E-002
4.6243515351199610E+006   1.7999934350320925E+000   1.3150330099292606E+000   4.0951296720157027E+000   -1.0065686884660590E-002
4.3664801367135895E+006   1.8199934103850435E+000   1.3349615167880511E+000   4.0995145776759525E+000   -8.8712447757656222E-003
4.4518248448821222E+006   1.8399932270165256E+000   1.3520170832063043E+000   4.1032004992639113E+000   -7.7153047425571851E-003
4.2226411295621367E+006   1.8599931960713421E+000   1.3710307012809029E+000   4.1073852860045763E+000   -6.5780691865877467E-003
4.1973694279580293E+006   1.8799930665857689E+000   1.3884858252808714E+000   4.1111798969261732E+000   -5.4397290297980789E-003
4.0604044449941134E+006   1.8999929952560071E+000   1.4065227645470519E+000   4.1151259417614190E+000   -4.3133490671998440E-003
3.8896510160931270E+006   1.9199929451609294E+000   1.4250562849087405E+000   4.1191937115125681E+000   -3.1821283886530835E-003
3.8504367439340316E+006   1.9399928257171177E+000   1.4417522381061234E+000   4.1228225558281517E+000   -2.0918404211279699E-003
3.8424766145536802E+006   1.9599926871528546E+000   1.4583446145886338E+000   4.1264408439014399E+000   -1.0322283264497915E-003
3.8158220277233999E+006   1.9799925589293323E+000   1.4748417034753720E+000   4.1300138556781327E+000   7.0292563534102423E-005
3.7453603618432395E+006   1.9999924573208374E+000   1.4915959881953451E+000   4.1336791948929825E+000   1.1167564938216990E-003
3.5815296544144712E+006   2.0199924171197163E+000   1.5087250033159323E+000   4.1374446948767707E+000   2.1502640865389425E-003
3.5224422074729251E+006   2.0399923126383710E+000   1.5250387571241750E+000   4.1410122595153753E+000   3.1720117134511495E-003
3.4598891998015121E+006   2.0599922104775321E+000   1.5411700452181027E+000   4.1445440603680064E+000   4.1740540551529577E-003
3.4228692888491768E+006   2.0799920919020813E+000   1.5569535926783182E+000   4.1479875247149813E+000   5.1788990913087555E-003
3.3640933886782364E+006   2.0999919893976253E+000   1.5727192426293850E+000   4.1514413893245896E+000   6.1539948476264893E-003
3.3260331177449399E+006   2.1199918722579230E+000   1.5881214741491789E+000   4.1547989545579522E+000   7.1399801407980891E-003
3.2591374328735438E+006   2.1399917781830409E+000   1.6037064685679892E+000   4.1582231643464853E+000   8.0840577731383645E-003
3.1397231416884665E+006   2.1599917259682888E+000   1.6195707754026611E+000   4.1617332093037609E+000   8.9961212759219773E-003
3.0478691474008015E+006   2.1799916554565750E+000   1.6351775609456984E+000   4.1651735092081230E+000   9.9189142387167712E-003
2.9799294837033115E+006   2.1999915686568912E+000   1.6503918611043404E+000   4.1685185311174697E+000   1.0836020499343561E-002
2.9319498512001797E+006   2.2199914654659829E+000   1.6651883788074155E+000   4.1717721740443130E+000   1.1726993497195491E-002
2.9944154841239927E+006   2.2399912667513364E+000   1.6786394464729617E+000   4.1746892529619286E+000   1.2618369494738204E-002
2.9140986362871649E+006   2.2599911932748440E+000   1.6934350598746897E+000   4.1779665377929884E+000   1.3461606533482075E-002
2.7874853560055471E+006   2.2799911640008799E+000   1.7088360526880089E+000   4.1813851097885140E+000   1.4324958949089176E-002
2.7728748062791242E+006   2.2999910339620953E+000   1.7226166985038174E+000   4.1844103895393818E+000   1.5164722355258339E-002
2.6558290974570690E+006   2.3199910034520368E+000   1.7379625495136901E+000   4.1877958562723681E+000   1.6066714394221086E-002
2.6591575378996511E+006   2.3399908577744681E+000   1.7510891527564925E+000   4.1906887871393996E+000   1.6844154281560358E-002
2.5742592854805775E+006   2.3599907998062499E+000   1.7657449100170022E+000   4.1939139272992962E+000   1.7721752592021862E-002
2.5450267709109783E+006   2.3799906869171652E+000   1.7791835917280474E+000   4.1968773041224647E+000   1.8514339801209104E-002
2.5163482984653986E+006   2.3999905739707432E+000   1.7924983281536908E+000   4.1998087187100444E+000   1.9308878838869718E-002
2.4819136498034918E+006   2.4199904677159845E+000   1.8058537252399804E+000   4.2027480387713263E+000   2.0107937259450245E-002
2.3969281663699378E+006   2.4399904196231716E+000   1.8202367279101492E+000   4.2058968201684257E+000   2.1001875800336849E-002
2.3405759354506829E+006   2.4599903426262788E+000   1.8339850999717240E+000   4.2089027206968499E+000   2.1864260774275300E-002
2.2783081566227595E+006   2.4799902738003761E+000   1.8479632509991537E+000   4.2119412385685671E+000   2.2776300544555744E-002
2.2514998582120924E+006   2.4999901648684584E+000   1.8605895606550997E+000   4.2147154263560589E+000   2.3541079797545744E-002
2.2587496780323028E+006   2.5199900126737864E+000   1.8719621269110516E+000   4.2172323428228742E+000   2.4193529991890284E-002
2.2207018759611812E+006   2.5399899195652278E+000   1.8847395177008102E+000   4.2200181953755287E+000   2.5010520281461269E-002
2.1264016592524964E+006   2.5599898995064905E+000   1.8996093532897387E+000   4.2231943325514365E+000   2.6093163724109893E-002
2.1006690677592726E+006   2.5799897924513591E+000   1.9117340103375988E+000   4.2258409924635894E+000   2.6862172423734287E-002
2.1291072735198061E+006   2.5999896112391525E+000   1.9216995437589872E+000   4.2280554433133926E+000   2.7416037434822054E-002
2.0416272117330076E+006   2.6199895905923718E+000   1.9360276941620151E+000   4.2311093523463246E+000   2.8472294570470444E-002
1.9981090838248907E+006   2.6399895120586976E+000   1.9487248277358946E+000   4.2338311702411975E+000   2.9377225567666164E-002
2.0346900976288542E+006   2.6599893157668566E+000   1.9578093295161512E+000   4.2358531474122696E+000   2.9875522115649655E-002
1.9449109598333167E+006   2.6799893075175465E+000   1.9721596862836077E+000   4.2388867271081594E+000   3.0983541107598274E-002
1.9704767381585501E+006   2.6999891276343631E+000   1.9814020019931569E+000   4.2409164819674814E+000   3.1545189243729406E-002
1.8801727773197230E+006   2.7199891242378875E+000   1.9958821488521727E+000   4.2439515775294705E+000   3.2715071549257707E-002
1.8961299831618560E+006   2.7399889578255516E+000   2.0050898126829857E+000   4.2459673490016199E+000   3.3287360520365405E-002
1.8591695908260110E+006   2.7599888747731880E+000   2.0168461597492575E+000   4.2484597771553654E+000   3.4180677746011287E-002
1.7837497971878538E+006   2.7799888598988329E+000   2.0309026139299839E+000   4.2513701714406729E+000   3.5388116265760342E-002
1.7689059252385309E+006   2.7999887426295169E+000   2.0410505634719773E+000   4.2535475627276931E+000   3.6107308462716398E-002
1.5267798145056718E+006   2.9999877905014887E+000   2.1469002678944462E+000   4.2755139363689505E+000   4.5099413391435181E-002
1.3760638307016946E+006   3.1999867195626925E+000   2.2397780003061065E+000   4.2939753476383444E+000   5.4615457058478097E-002
1.2098922954408166E+006   3.3999857593729130E+000   2.3287672248168088E+000   4.3109858209658345E+000   6.5089122658848628E-002
1.0536071504328360E+006   3.5999848606698750E+000   2.4132377298938907E+000   4.3266432524292613E+000   7.6009512270536123E-002
9.4750527496113267E+005   3.7999838774254533E+000   2.4902627818625689E+000   4.3402712347537618E+000   8.7266073605874447E-002
8.1810708652645140E+005   3.9999830703575476E+000   2.5680737933275295E+000   4.3540774528743356E+000   9.8559143097207438E-002
7.4655641189659655E+005   4.1999820811222541E+000   2.6358775468466025E+000   4.3654048690095868E+000   1.0980618758624106E-001
6.6623293072751584E+005   4.3999812007701600E+000   2.7042516184350229E+000   4.3768888127085477E+000   1.2102533598252949E-001
6.2380810026151489E+005   4.5999801432502077E+000   2.7635927891826486E+000   4.3862437408350079E+000   1.3198606510342203E-001
5.6481982710898120E+005   4.7999792487206179E+000   2.8247962891687952E+000   4.3961699336101621E+000   1.4273542954618826E-001
5.1344147272699542E+005   4.9999783540656706E+000   2.8837415660898849E+000   4.4056283468921329E+000   1.5329124144278902E-001
4.7233342758713878E+005   5.1999774273190242E+000   2.9391901176668953E+000   4.4143417668621296E+000   1.6358867729130255E-001
4.4784176728831022E+005   5.3999763727142129E+000   2.9888371158272018E+000   4.4217772499882697E+000   1.7354121011917517E-001
4.1729240312050167E+005   5.5999754122505054E+000   3.0390929823102080E+000   4.4294766766503244E+000   1.8327029003656892E-001
3.8216291192306334E+005   5.7999745575477695E+000   3.0896557984210316E+000   4.4373842144246787E+000   1.9273662254327206E-001
3.6496584165631392E+005   5.9999734978144703E+000   3.1340658431594255E+000   4.4438909630747148E+000   2.0192814761239783E-001
3.4126481508311938E+005   6.1999725535422350E+000   3.1793747478912069E+000   4.4507563245973465E+000   2.1085187693302390E-001
3.2003940391750302E+005   6.3999716018592148E+000   3.2230836546504102E+000   4.4573379220278628E+000   2.1954313545159138E-001
2.9710812228454452E+005   6.5999707122383064E+000   3.2669640022776787E+000   4.4640537406544043E+000   2.2805167201214344E-001
2.8746283832986769E+005   6.7999695861125993E+000   3.3048213721792514E+000   4.4694330866841536E+000   2.3622166490343197E-001
2.7105894155085133E+005   6.9999685965843987E+000   3.3444100760192210E+000   4.4753328064175939E+000   2.4421657735653665E-001
2.5662526329474172E+005   7.1999675868971895E+000   3.3826349680226597E+000   4.4809945515774556E+000   2.5200553303853068E-001
2.4307099453363242E+005   7.3999665665493088E+000   3.4198084977396830E+000   4.4864951870172112E+000   2.5959102701753256E-001
2.3475039409518481E+005   7.5999654248582704E+000   3.4541756039889755E+000   4.4914012906985343E+000   2.6696237277953222E-001
2.2693923753651491E+005   7.7999641375873763E+000   3.4878897549893764E+000   4.4962214099145523E+000   2.7417920984769573E-001
2.1307514612705188E+005   7.9999628446265687E+000   3.5228206212323685E+000   4.5014646360461050E+000   2.8115819070608916E-001
1.7728447928072116E+005   8.9999387123648766E+000   3.6762919785423467E+000   4.5235291592631359E+000   3.1376482292701408E-001
1.4661562591786636E+005   9.9997883841944635E+000   3.8141241895703319E+000   4.5434768772550802E+000   3.4278549245711959E-001
1.2942492138493335E+005   1.0999727253680906E+001   3.9338298924467479E+000   4.5603993260773921E+000   3.6879344625070304E-001
1.1312613973323525E+005   1.1999656233172262E+001   4.0431274015085865E+000   4.5759480641991779E+000   3.9234472453804969E-001
1.0017666870419341E+005   1.2999574611226004E+001   4.1420289859156165E+000   4.5899356016474853E+000   4.1382044184495193E-001
9.2070897704445844E+004   1.3999481339711172E+001   4.2314404864844652E+000   4.6024412968253845E+000   4.3351480177357754E-001
8.2904895820039848E+004   1.4999377110835086E+001   4.3145280674748685E+000   4.6141354061899298E+000   4.5167037353968698E-001
7.7562281137292026E+004   1.5999264939251445E+001   4.3904388626276649E+000   4.6246661296732841E+000   4.6856432414937893E-001
7.1336580501193210E+004   1.6999143178846946E+001   4.4614092774275385E+000   4.6345526967277149E+000   4.8427639744045353E-001
6.6324632005599444E+004   1.7999010865095347E+001   4.5274200725094538E+000   4.6436903790520985E+000   4.9900643033264308E-001
6.4682602681413955E+004   1.8998867151726277E+001   4.5883219006518923E+000   4.6520046604426524E+000   5.1282878162275503E-001
5.8842877677658682E+004   1.9998715652475084E+001   4.6465988712879636E+000   4.6600669611745378E+000   5.2584266547701886E-001
5.2580643708542993E+004   2.1998380514950465E+001   4.7520406840998373E+000   4.6744436969106555E+000   5.4981010041072043E-001
4.7681960763028823E+004   2.3998003478353812E+001   4.8461035200315754E+000   4.6871284514407741E+000   5.7147200931635311E-001
4.4713197894881312E+004   2.5997582001756289E+001   4.9302957524315847E+000   4.6983295646160625E+000   5.9116589916577977E-001
4.1643541468081930E+004   2.7997120550672054E+001   5.0069408895089005E+000   4.7084276041119981E+000   6.0929238871256763E-001
3.9825980449500479E+004   2.9996613204377770E+001   5.0766637832721138E+000   4.7174872317468974E+000   6.2603458032437498E-001
3.7396372536078925E+004   3.1996227018971499E+001   5.1410223289670478E+000   4.7257677884614671E+000   6.4165273974270309E-001
3.4610087819135981E+004   3.3995839477178897E+001   5.2008058923251630E+000   4.7333789393778929E+000   6.5632221958890835E-001
3.3396827138134358E+004   3.5995496693047670E+001   5.2557696517760952E+000   4.7402644405737542E+000   6.7003309692265223E-001
3.2399512861339237E+004   3.7995228027724124E+001   5.3069743563802207E+000   4.7466000148513849E+000   6.8296430066945435E-001
3.1073225856570036E+004   3.9994958045121315E+001   5.3550425365969501E+000   4.7524814181558064E+000   6.9523558416897613E-001
2.7046894948087829E+004   4.4994585492664761E+001   5.4637579803585572E+000   4.7654964414409982E+000   7.2356325947939537E-001
2.5712074598464562E+004   4.9994505059558946E+001   5.5563428356473414E+000   4.7762310377744486E+000   7.4838649445688732E-001
2.3880631221919815E+004   5.4994790383840318E+001   5.6383142992593038E+000   4.7854413533732423E+000   7.7095159506528044E-001
2.3783217349711194E+004   5.9994880636489100E+001   5.7105566961612988E+000   4.7933182483602987E+000   7.9131900354216611E-001
2.1120903270895426E+004   6.4995779148837755E+001   5.7767014914934958E+000   4.8002983720374974E+000   8.1043115385386666E-001
2.1390433500432020E+004   6.9996328280022837E+001   5.8355442722830562E+000   4.8063543497700492E+000   8.2774058878354317E-001
2.0297285970373483E+004   7.4996661407710832E+001   5.8898061222793858E+000   4.8117768069722242E+000   8.4402659937735869E-001
1.9601876041774907E+004   7.9997492771506003E+001   5.9396781582228950E+000   4.8166144549755980E+000   8.5928732134236496E-001
1.8213351900224268E+004   8.4998174072334052E+001   5.9858729805256008E+000   4.8209781669270093E+000   8.7365730859089408E-001
1.7680881415230309E+004   8.9998041359811751E+001   6.0286731463905516E+000   4.8249126761283252E+000   8.8718837312073950E-001
1.7699526465433933E+004   9.4997905268316615E+001   6.0684785408267841E+000   4.8284964431013986E+000   8.9992353639270950E-001
1.6927577458936375E+004   9.9997856566252892E+001   6.1059214941205626E+000   4.8317777207453734E+000   9.1208245775164842E-001
1.5673995306960944E+004   1.0499787644998575E+002   6.1411354022590396E+000   4.8347823012227291E+000   9.2368025086617644E-001
1.5926636761643374E+004   1.0999773910181084E+002   6.1741627480773671E+000   4.8375488562769284E+000   9.3466081366694109E-001
1.4491278265973280E+004   1.1499767558873371E+002   6.2056650462934337E+000   4.8401063788013596E+000   9.4529691772611046E-001
1.4410237411139899E+004   1.1999749402397616E+002   6.2352787140294739E+000   4.8424846161814026E+000   9.5534727683404430E-001
1.4079846449548442E+004   1.2499733470595507E+002   6.2635228879885503E+000   4.8446979730360553E+000   9.6504265010427770E-001
1.2924744651024950E+004   1.2999728082180749E+002   6.2905777897018433E+000   4.8467536401822109E+000   9.7445876666861475E-001
1.2522534713676967E+004   1.3499716041534845E+002   6.3162325850053547E+000   4.8486777542945347E+000   9.8343793609572105E-001
1.1651784736919742E+004   1.3999711650652816E+002   6.3410962927835683E+000   4.8504804625061588E+000   9.9226437356157982E-001
1.2309823462138276E+004   1.4499690203484917E+002   6.3640190477293803E+000   4.8521849678960161E+000   1.0003167402547726E+000
1.1401070463655349E+004   1.4999694463968314E+002   6.3865449414043498E+000   4.8537749892160216E+000   1.0083996444522445E+000
1.1770949437518217E+004   1.7499638158040020E+002   6.4864212407721773E+000   4.8605508249181950E+000   1.0447861227318120E+000
1.1235583002448982E+004   1.9999588166045424E+002   6.5706887072864602E+000   4.8658163770227789E+000   1.0763887517797841E+000
1.1011325494910534E+004   2.2499516406765292E+002   6.6432732434746855E+000   4.8700332724214128E+000   1.1042472290766303E+000
9.8723513524512182E+003   2.4999485544158500E+002   6.7069282234813770E+000   4.8734907820090809E+000   1.1291596999046394E+000
9.9331909387457945E+003   2.7499417816498277E+002   6.7635173140002278E+000   4.8763910048781742E+000   1.1516537994258791E+000
9.6648730141289307E+003   2.9999356447888221E+002   6.8144121466906737E+000   4.8788553949343720E+000   1.1721724356587058E+000
