1.3321861251476622E+009   9.9999733416705108E-002   -2.8138590207480951E+000   3.5332833010327840E+000   -9.5081896025750234E-001
6.4385997952754486E+008   1.4999962156140947E-001   -2.3412423714320139E+000   3.5698015598205424E+000   -7.8754715317497737E-001
4.7809300959105319E+008   1.9999951009260336E-001   -2.0885658473350177E+000   3.5852788803455646E+000   -6.9216353217652493E-001
3.4240974660797524E+008   2.4999942745283743E-001   -1.9245943269564227E+000   3.5900911783924618E+000   -6.1980236808102129E-001
2.9904632790914929E+008   2.9999932102786447E-001   -1.7945388831372782E+000   3.5937276906248927E+000   -5.6204767063631145E-001
2.9942121117309976E+008   3.0999929425356937E-001   -1.7700907270041983E+000   3.5947645667619690E+000   -5.5189734484392405E-001
2.7831174672572678E+008   3.1999928077661516E-001   -1.7463320882275895E+000   3.5958156377722119E+000   -5.4212016747610337E-001
1.8988980691378084E+008   3.2999931275961325E-001   -1.7186253914084950E+000   3.5968871875356321E+000   -5.3040991859339714E-001
1.6502032828538772E+008   3.3999930572731213E-001   -1.6921433218347304E+000   3.5981979777041100E+000   -5.1979046414347119E-001
1.5536315638518730E+008   3.4999928814015224E-001   -1.6645864479257764E+000   3.5996810959763987E+000   -5.0897826373357180E-001
1.5686820099442822E+008   3.5999926133766236E-001   -1.6377333900547406E+000   3.6012337856839869E+000   -4.9865711421323022E-001
1.4995992676446721E+008   3.6999924092422948E-001   -1.6082125665321148E+000   3.6030353051446387E+000   -4.8749974137322039E-001
1.5067184749075246E+008   3.7999921324810693E-001   -1.5794658711073815E+000   3.6049111944780439E+000   -4.7687817232766405E-001
1.4329798549743935E+008   3.8999919253738979E-001   -1.5477047828253119E+000   3.6071484710691046E+000   -4.6547218136875135E-001
1.4330202119796067E+008   3.9999916375296130E-001   -1.5171781508293094E+000   3.6094377918243579E+000   -4.5478750688125669E-001
1.3022531882414202E+008   4.4999901945224652E-001   -1.3522555298459777E+000   3.6243300789844097E+000   -4.0211077070969459E-001
1.0020019802866250E+008   4.9999889229531397E-001   -1.1743606195018184E+000   3.6456266978061307E+000   -3.5575655318105681E-001
7.5523663730201572E+007   5.4999876778897117E-001   -9.9459047047714477E-001   3.6720025788501554E+000   -3.1862324075676884E-001
5.9858661128747016E+007   5.9999863119804553E-001   -8.2603868071355935E-001   3.6975069345738998E+000   -2.8535605732246594E-001
4.7992712589317501E+007   6.4999849211658411E-001   -6.6517129686122434E-001   3.7230770162473235E+000   -2.5606252874314561E-001
3.9962993036265664E+007   6.9999833948014789E-001   -5.1566633084773694E-001   3.7465709267058540E+000   -2.2829786665346274E-001
3.3726920318442658E+007   7.4999817911837829E-001   -3.7431254291997018E-001   3.7676824260976849E+000   -1.9984397147324065E-001
2.9898498692105167E+007   7.9999798790480270E-001   -2.4187627055489713E-001   3.7861565384006064E+000   -1.7057405989654714E-001
2.6804076994949121E+007   8.4999777821905143E-001   -1.1739683064434925E-001   3.8026129903206849E+000   -1.4124724378143030E-001
2.4286582302030150E+007   8.9999754808738119E-001   -2.5221863206387213E-003   3.8172590600027787E+000   -1.1310206098376267E-001
2.3354496537423186E+007   9.1999745247364617E-001   4.1055633706236348E-002   3.8227662509632645E+000   -1.0232753289129673E-001
2.1888696831098922E+007   9.3999737908266934E-001   8.3881973837374377E-002   3.8282471567228704E+000   -9.1876174344939901E-002
2.0992190530497350E+007   9.5999728468402845E-001   1.2533336327307421E-001   3.8335796056766491E+000   -8.1815377534647959E-002
2.0882420794027459E+007   9.7999715193713000E-001   1.6666668531351211E-001   3.8389002425872834E+000   -7.1789990335696691E-002
1.9442419159041055E+007   9.9999708654014918E-001   2.0660120917782315E-001   3.8442187491656168E+000   -6.2459741560208663E-002
1.7785850081667237E+007   1.0199970419569522E+000   2.4513945821911692E-001   3.8495545156219002E+000   -5.3862149952127673E-002
1.6982859362047598E+007   1.0399969524667798E+000   2.8309030878880237E-001   3.8549938313198844E+000   -4.5765356063253763E-002
1.6502577183292089E+007   1.0599968430994717E+000   3.2047262682975602E-001   3.8605624330075345E+000   -3.8211400418077190E-002
1.5654306102695901E+007   1.0799967629877087E+000   3.5720202470777868E-001   3.8663138536911523E+000   -3.1349542846301676E-002
1.5038101017977078E+007   1.0999966691657139E+000   3.9315010488271918E-001   3.8722617248046838E+000   -2.5271244985893643E-002
1.5382147383532703E+007   1.1199964906244115E+000   4.2856811870463601E-001   3.8785860570995405E+000   -2.0210902664648787E-002
1.5335521465484528E+007   1.1399963425936825E+000   4.6299249247278434E-001   3.8853367648935975E+000   -1.6500131368688008E-002
1.4770765186102936E+007   1.1599962452194452E+000   4.9636019441300994E-001   3.8923239235096103E+000   -1.3790597630601533E-002
1.4541025013358254E+007   1.1799961147029747E+000   5.2898601042928162E-001   3.8994865826344038E+000   -1.1803007872052844E-002
1.4031611921631088E+007   1.1999960166966366E+000   5.6081047538348772E-001   3.9066295174195962E+000   -1.0176644965334599E-002
1.3857418218983745E+007   1.2199958798481427E+000   5.9185149462714648E-001   3.9136189270374331E+000   -8.6349545791786029E-003
1.3075628180760138E+007   1.2399958222116398E+000   6.2221168177073027E-001   3.9204763137185177E+000   -7.1696343695564430E-003
1.2800639884259285E+007   1.2599957013930154E+000   6.5208510305169520E-001   3.9272383609459594E+000   -5.7570181839573147E-003
1.2240930091100225E+007   1.2799956232631251E+000   6.8138224273112968E-001   3.9338673305799441E+000   -4.3663876122087301E-003
1.1603936477144664E+007   1.2999955628931128E+000   7.1016457731462668E-001   3.9403784104738948E+000   -2.9973801083625021E-003
1.1710586171450930E+007   1.3199953864194338E+000   7.3816183972818317E-001   3.9467105433781451E+000   -1.6630147100843522E-003
1.0996810043932470E+007   1.3399953475005510E+000   7.6586960648199964E-001   3.9529748117362571E+000   -3.3766804940029441E-004
1.0602457524494097E+007   1.3599952593036708E+000   7.9293483782943497E-001   3.9590824092457781E+000   9.7975260527567026E-004
1.0298462960315017E+007   1.3799951575728115E+000   8.1952630970909446E-001   3.9650765380001767E+000   2.2872310363084439E-003
1.0306164811644992E+007   1.3999949953608564E+000   8.4543684891354598E-001   3.9709051714178547E+000   3.5852338031777185E-003
9.8847272521854620E+006   1.4199949207859501E+000   8.7104652001957261E-001   3.9766684168160316E+000   4.8635785598365013E-003
9.4130574452068545E+006   1.4399948623888481E+000   8.9631492593677531E-001   3.9823442483541869E+000   6.1461184421272791E-003
9.2641058962913696E+006   1.4599947357213998E+000   9.2091565207357517E-001   3.9878562256541876E+000   7.4225269105266866E-003
8.6822098290526886E+006   1.4799947142968339E+000   9.4550399704047039E-001   3.9933606901447716E+000   8.7077704128061262E-003
8.6512324558419045E+006   1.4999945630225671E+000   9.6913928452412401E-001   3.9986418118200633E+000   9.9631708040494888E-003
8.4653535500673242E+006   1.5199944501215450E+000   9.9250874163989622E-001   4.0038486980042718E+000   1.1234126993517239E-002
8.0349654622972542E+006   1.5399944069357738E+000   1.0158072786709975E+000   4.0090415013735692E+000   1.2497788770475124E-002
7.9950445978978220E+006   1.5599942575424359E+000   1.0382926495866664E+000   4.0140321842951519E+000   1.3759108385142190E-002
7.8598669508172683E+006   1.5799941356840437E+000   1.0605765631743238E+000   4.0189683598987544E+000   1.5028713971766874E-002
7.6183267315743500E+006   1.5999940479131121E+000   1.0825637850495105E+000   4.0238355873304883E+000   1.6287870045891724E-002
7.3726049902953142E+006   1.6199939643940424E+000   1.1041871459978145E+000   4.0286151541978636E+000   1.7540416785292598E-002
6.8808635125286514E+006   1.6399939685727356E+000   1.1258815052877225E+000   4.0334178327787260E+000   1.8782239268521846E-002
6.6747901937945206E+006   1.6599938830896543E+000   1.1469063569567155E+000   4.0380494606737107E+000   2.0031409313050429E-002
6.4976194104168853E+006   1.6799937892511767E+000   1.1675782121965907E+000   4.0425887993124485E+000   2.1288659655511147E-002
6.3521669635364637E+006   1.6999936862192935E+000   1.1878460927637451E+000   4.0470320298099622E+000   2.2536138944061611E-002
6.0991227600899283E+006   1.7199936279424730E+000   1.2081740988758525E+000   4.0514826605787135E+000   2.3798880462613026E-002
6.1333899602914201E+006   1.7399934565068857E+000   1.2274203631130436E+000   4.0556654109634502E+000   2.5056511811735353E-002
5.7641896867351318E+006   1.7599934542696662E+000   1.2474965928487205E+000   4.0600563881229208E+000   2.6312672360631693E-002
5.5695756961591188E+006   1.7799933832466819E+000   1.2669476050521107E+000   4.0642863813464238E+000   2.7578192015320923E-002
5.4521489377512382E+006   1.7999932814813631E+000   1.2857729761491006E+000   4.0683665281936037E+000   2.8830583869457083E-002
5.5131662384070177E+006   1.8199930964642583E+000   1.3037415128377690E+000   4.0722241684709815E+000   3.0099571659034593E-002
5.3309599951628270E+006   1.8399930264197344E+000   1.3223036651709157E+000   4.0762385385349891E+000   3.1351907697594432E-002
5.0175307652112599E+006   1.8599930276708079E+000   1.3412982485065783E+000   4.0803447133981763E+000   3.2636849639049892E-002
5.0386472000583252E+006   1.8799928615038379E+000   1.3584928824458185E+000   4.0840105749759754E+000   3.3902443453071772E-002
4.7771469786570137E+006   1.8999928467249703E+000   1.3769186447581088E+000   4.0879741942300685E+000   3.5188086101030878E-002
4.8043945066220071E+006   1.9199926764553426E+000   1.3935839017656912E+000   4.0914999515626302E+000   3.6469199939698292E-002
4.7049866455253698E+006   1.9399925774536841E+000   1.4107608390131752E+000   4.0951418185163861E+000   3.7773934655928709E-002
4.4048358090414973E+006   1.9599926001010255E+000   1.4290287108978692E+000   4.0990649702632540E+000   3.9061567104540500E-002
4.4129268649025243E+006   1.9799924418178174E+000   1.4448620564633767E+000   4.1023799027715437E+000   4.0348374870714528E-002
4.2829120715059126E+006   1.9999923695159505E+000   1.4616472278072299E+000   4.1059238940224851E+000   4.1652978040757974E-002
4.1757814910287033E+006   2.0199922856685397E+000   1.4780320636723860E+000   4.1093593267476862E+000   4.2974530522933534E-002
4.1338562906843997E+006   2.0399921601467739E+000   1.4938478930893730E+000   4.1126433050509847E+000   4.4314488624830360E-002
4.0206243905023313E+006   2.0599920841778476E+000   1.5099022771466000E+000   4.1159893386148632E+000   4.5649613525686937E-002
3.8905674480421492E+006   2.0799920237677827E+000   1.5259979297598136E+000   4.1193512792993623E+000   4.6973558463296157E-002
3.8068383555991575E+006   2.0999919327673484E+000   1.5415415732557187E+000   4.1225577201784969E+000   4.8332498452979857E-002
3.7108563873640336E+006   2.1199918524489800E+000   1.5570575283535697E+000   4.1257501148355198E+000   4.9705686687858623E-002
3.5594677773198071E+006   2.1399918191740510E+000   1.5733059292372404E+000   4.1291181160885282E+000   5.1093884623676838E-002
3.5435539764694502E+006   2.1599916811652347E+000   1.5873309400745808E+000   4.1319295397478912E+000   5.2483542723622448E-002
3.4242478449144000E+006   2.1799916286831356E+000   1.6028672534645592E+000   4.1351159671211200E+000   5.3878844672153023E-002
3.3824637487234017E+006   2.1999915134322210E+000   1.6169729375151662E+000   4.1379317736566925E+000   5.5300073626312431E-002
3.2386468579884288E+006   2.2199914890554036E+000   1.6330777779550363E+000   4.1412340637774552E+000   5.6747913604720056E-002
3.1543469199527493E+006   2.2399914161018559E+000   1.6479101281285593E+000   4.1442138764952450E+000   5.8204463255904212E-002
3.1249181447008098E+006   2.2599912947530112E+000   1.6609957243883398E+000   4.1467864197286266E+000   5.9602174919029582E-002
3.0255842258978751E+006   2.2799912403433087E+000   1.6761330848489810E+000   4.1498238467137831E+000   6.1096001179037254E-002
2.9692159017519508E+006   2.2999911475883401E+000   1.6898181279571696E+000   4.1525199558297770E+000   6.2546304501142846E-002
2.9458837024231041E+006   2.3199910226185874E+000   1.7023642770858800E+000   4.1549341317246178E+000   6.3991027275817083E-002
2.8479774768565851E+006   2.3399909754292056E+000   1.7172205183193583E+000   4.1578923312117686E+000   6.5502748918254416E-002
2.8036787322529224E+006   2.3599908742004874E+000   1.7301712779899139E+000   4.1603929600982870E+000   6.6976870980496581E-002
2.7590829080355791E+006   2.3799907748700551E+000   1.7430639044456697E+000   4.1628685018424774E+000   6.8472100719994419E-002
2.6804420928067351E+006   2.3999907149682262E+000   1.7571984273708998E+000   4.1656389859483554E+000   6.9998393970851752E-002
2.6425765181745631E+006   2.4199906111119853E+000   1.7696134665480854E+000   4.1679903748239910E+000   7.1503135808174703E-002
2.5759972013163827E+006   2.4399905424100243E+000   1.7831768153944314E+000   4.1706124690229327E+000   7.3040621833464062E-002
2.5022010910378448E+006   2.4599904846163572E+000   1.7973532450209329E+000   4.1733614204733991E+000   7.4630933745782710E-002
2.4917859077474196E+006   2.4799903515521748E+000   1.8079902803809387E+000   4.1752792951392061E+000   7.6113702094170010E-002
2.4118760748470533E+006   2.4999903063287454E+000   1.8223356060615648E+000   4.1780709288686371E+000   7.7703097475621263E-002
2.4381974205654245E+006   2.5199901264274773E+000   1.8312932130867563E+000   4.1795213665231179E+000   7.9281025679256129E-002
2.3799653261015224E+006   2.5399900567556903E+000   1.8440255671117554E+000   4.1819381030239242E+000   8.0813729690141528E-002
2.3020401277498207E+006   2.5599900152367461E+000   1.8578583956145498E+000   4.1846305603405076E+000   8.2345229308372708E-002
2.2673936453711269E+006   2.5799899189239639E+000   1.8694756857104595E+000   4.1867488786344769E+000   8.3917237768388511E-002
2.2431223517623553E+006   2.5999898079950396E+000   1.8805262972184205E+000   4.1887136122565733E+000   8.5513076278176559E-002
2.2131514640351310E+006   2.6199897051221273E+000   1.8918923993399173E+000   4.1907490450516232E+000   8.7125261748826094E-002
2.1420541796058216E+006   2.6399896657285424E+000   1.9053199668090282E+000   4.1933443371898704E+000   8.8648461206887810E-002
2.0973100803087759E+006   2.6599895894260439E+000   1.9174400091794206E+000   4.1955806740789239E+000   9.0235808613976259E-002
2.0362052834157171E+006   2.6799895401125835E+000   1.9310376066437343E+000   4.1981565159501644E+000   9.1882923603651870E-002
2.0281394154271330E+006   2.6999894088097003E+000   1.9401469349222318E+000   4.1996684425107702E+000   9.3413734621689809E-002
1.9891272679330150E+006   2.7199893289720567E+000   1.9517921879796105E+000   4.2017840669021131E+000   9.5005112367693420E-002
1.9668773152175383E+006   2.7399892218679196E+000   1.9621591396088394E+000   4.2035719667660674E+000   9.6612788454398982E-002
1.9336879689486562E+006   2.7599891343080620E+000   1.9732719394599756E+000   4.2055535998417222E+000   9.8205922228658149E-002
1.8815445631311892E+006   2.7799890818361903E+000   1.9859616121263048E+000   4.2079288750711825E+000   9.9800208102901217E-002
1.8722391655798783E+006   2.7999889545028922E+000   1.9950617336780039E+000   4.2093994339096215E+000   1.0140915120187112E-001
1.5672354630753570E+006   2.9999881403140614E+000   2.1029479841714647E+000   4.2284062143550152E+000   1.1733871555781461E-001
1.3553850340590691E+006   3.1999872446433559E+000   2.1997476227472488E+000   4.2447648006964318E+000   1.3302136216287547E-001
1.1711801289083785E+006   3.3999863915802733E+000   2.2923562955593186E+000   4.2602452954270031E+000   1.4836470910776625E-001
1.0374448587518869E+006   3.5999854530418181E+000   2.3742155608369795E+000   4.2733062254887493E+000   1.6317248162310438E-001
9.1896673095513054E+005   3.7999845394627383E+000   2.4537767344491623E+000   4.2860369817162756E+000   1.7749155597414265E-001
8.0282483681821509E+005   3.9999837107297642E+000   2.5340254979609180E+000   4.2992042295822346E+000   1.9128144199810221E-001
7.2448724470905948E+005   4.1999827635129945E+000   2.6036917840657514E+000   4.3100202960149963E+000   2.0448245218499708E-001
6.5594999107660330E+005   4.3999818236356756E+000   2.6704918432979570E+000   4.3203552965613365E+000   2.1721248070841845E-001
6.0241233476581576E+005   4.5999808355669431E+000   2.7321438837528667E+000   4.3296197063349497E+000   2.2950968138864747E-001
5.4100795453796384E+005   4.7999799752813432E+000   2.7967511559434253E+000   4.3398996541723323E+000   2.4125342180916115E-001
4.9162721364033606E+005   4.9999790792123822E+000   2.8574791183300383E+000   4.3493732358728652E+000   2.5267023960140267E-001
4.5539526717658405E+005   5.1999781037873190E+000   2.9113665747407729E+000   4.3573956681956965E+000   2.6356910316110721E-001
4.2164945550168591E+005   5.3999771480785412E+000   2.9640289553842734E+000   4.3652967419157935E+000   2.7409814604266403E-001
3.8909252682405844E+005   5.5999762256456220E+000   3.0163303718811045E+000   4.3732704511749665E+000   2.8430143577273248E-001
3.5887414996649121E+005   5.7999753273352264E+000   3.0678148094009123E+000   4.3811827839686375E+000   2.9421898894529469E-001
3.4118330117137166E+005   5.9999742692681224E+000   3.1104473348834034E+000   4.3871158088151265E+000   3.0366920199356257E-001
3.1743798010236688E+005   6.1999733510625825E+000   3.1571973462297525E+000   4.3942005547714391E+000   3.1287471575411130E-001
2.9986974318845937E+005   6.3999723535303747E+000   3.1996604513001907E+000   4.4003438359020404E+000   3.2181970602812832E-001
2.8044332984591654E+005   6.5999714386597530E+000   3.2431663222448264E+000   4.4069080347899448E+000   3.3044424372463760E-001
2.6191274974892969E+005   6.7999705440682439E+000   3.2861567536891125E+000   4.4134603255742997E+000   3.3883487787807026E-001
2.4819160395442313E+005   6.9999695531488983E+000   3.3250484695942455E+000   4.4191145594754158E+000   3.4697226802840508E-001
2.3830320098734970E+005   7.1999684868069540E+000   3.3606989271843055E+000   4.4240403960339627E+000   3.5494582370634215E-001
2.2407962808620714E+005   7.3999675605497233E+000   3.3993753299606428E+000   4.4298890421239516E+000   3.6258673291453175E-001
2.1511872053937922E+005   7.5999665022108234E+000   3.4337379471870260E+000   4.4347030064865685E+000   3.7014011280248921E-001
2.0054884856106460E+005   7.7999656617655129E+000   3.4725011569241473E+000   4.4407936818245837E+000   3.7734036699501949E-001
1.9018145498948763E+005   7.9999647019339610E+000   3.5076680707708277E+000   4.4460249896453856E+000   3.8446120827675673E-001
1.5367827988788200E+005   8.9999483818750594E+000   3.6630044044642656E+000   4.4684406997460329E+000   4.1729795492217953E-001
1.2704857932583753E+005   9.9997616339428887E+000   3.8013195396856370E+000   4.4884675597354029E+000   4.4640180255412509E-001
1.0749991209672093E+005   1.0999689586119088E+001   3.9247845563118604E+000   4.5062186894573975E+000   4.7263205142324927E-001
9.3963118236609691E+004   1.1999604604891505E+001   4.0333779664877740E+000   4.5215332725305171E+000   4.9629959036496463E-001
8.2940638420043600E+004   1.2999506416460221E+001   4.1330968003661361E+000   4.5356386548374772E+000   5.1794824269022932E-001
7.4347856505024465E+004   1.3999393659208883E+001   4.2232049719534572E+000   4.5482741810348433E+000   5.3773127608915461E-001
6.7189994530604861E+004   1.4999266314560945E+001   4.3066234721122134E+000   4.5599866803863627E+000   5.5601552746549510E-001
6.2279527030018508E+004   1.5999124148912538E+001   4.3819037113779506E+000   4.5702737837154350E+000   5.7308144044021858E-001
5.5947365062131292E+004   1.6998971278939877E+001   4.4558533801096356E+000   4.5808622111061954E+000   5.8887942002454052E-001
5.2090054224125990E+004   1.7998799535864833E+001   4.5215257998407647E+000   4.5898790229297708E+000   6.0368200624295376E-001
4.8790369313568299E+004   1.8998612619656718E+001   4.5830080878740453E+000   4.5982766113465443E+000   6.1762797342604714E-001
4.4626173047685283E+004   1.9998415880865178E+001   4.6438979593996343E+000   4.6068986233383633E+000   6.3082888520520319E-001
4.0379890963294856E+004   2.1997962621128348E+001   4.7477753593227989E+000   4.6208175040676505E+000   6.5492982370821218E-001
3.6141749195936041E+004   2.3997452907028922E+001   4.8432162584736052E+000   4.6337479695196215E+000   6.7678934237967259E-001
3.3242662948637342E+004   2.5996871848620646E+001   4.9275731965764527E+000   4.6448915070765313E+000   6.9668073631727612E-001
3.0932312095726906E+004   2.7996221483137791E+001   5.0038093356022664E+000   4.6548273083094935E+000   7.1492720336425997E-001
2.8838185675508772E+004   2.9995504527793102E+001   5.0738744351480518E+000   4.6639132216485883E+000   7.3178792645896318E-001
2.5797569258260839E+004   3.3994135757820487E+001   5.1970310344382771E+000   4.6794495773853102E+000   7.6229351463063222E-001
2.3863996301083884E+004   3.5993488530426291E+001   5.2542801170471138E+000   4.6867836929340090E+000   7.7624982483765237E-001
2.3664133820797240E+004   3.7992830114147203E+001   5.3033505506890428E+000   4.6924829177669061E+000   7.8938659199282324E-001
2.2596044747947144E+004   3.9992226036460508E+001   5.3518054990710189E+000   4.6983659375082709E+000   8.0184802670108157E-001
1.9820494419673567E+004   4.4991117419906054E+001   5.4621747576211677E+000   4.7116310981025036E+000   8.3050233478768953E-001
1.9174464830794368E+004   4.9990184643957114E+001   5.5526094224660056E+000   4.7216570573283594E+000   8.5566774875839791E-001
1.6565264438509505E+004   5.4989928000222100E+001   5.6378615476562715E+000   4.7316115461980015E+000   8.7838483361424791E-001
1.5944202990240388E+004   5.9989265159553682E+001   5.7090764256396884E+000   4.7391860688113026E+000   8.9884322737935274E-001
1.4815560724752142E+004   6.4989370742000915E+001   5.7747453654050345E+000   4.7460834452699210E+000   9.1788294434478801E-001
1.3469635232818498E+004   6.9989906809885511E+001   5.8357752470635473E+000   4.7524920440375107E+000   9.3558068763886593E-001
1.3428501351790761E+004   7.4990051262718268E+001   5.8876817724482429E+000   4.7572893404897902E+000   9.5193935742665492E-001
1.2288700940093251E+004   7.9991169409718594E+001   5.9389778299859479E+000   4.7623741180325938E+000   9.6741783110989965E-001
1.2115186970346307E+004   8.4991419700356857E+001   5.9837034984545188E+000   4.7663041271423943E+000   9.8192064712458482E-001
1.1701132633647547E+004   8.9990755506831746E+001   6.0261465637164173E+000   4.7700390763765013E+000   9.9567228128732066E-001
1.0723089203469448E+004   9.4990526292675924E+001   6.0671052498753770E+000   4.7739543488580898E+000   1.0083210794036230E+000
1.0669984327080563E+004   9.9989899751603801E+001   6.1035666954871592E+000   4.7768290556782160E+000   1.0208023885692599E+000
9.5359736810108989E+003   1.0499011960128392E+002   6.1407886110073431E+000   4.7803616370035247E+000   1.0323481836787347E+000
9.6291171538176968E+003   1.0998993502425877E+002   6.1726318242468272E+000   4.7826251018823651E+000   1.0437428605407972E+000
9.1554121296459198E+003   1.1498942492060452E+002   6.2042830948958123E+000   4.7851985756974189E+000   1.0544215482351829E+000
8.7035602879770813E+003   1.1998880327707563E+002   6.2344316951941581E+000   4.7876341440779679E+000   1.0646247116232572E+000
8.2586457676656592E+003   1.2498819746575880E+002   6.2632782973381538E+000   4.7898559881412801E+000   1.0746043245686308E+000
7.9504577866089494E+003   1.2998751961756065E+002   6.2902662451494580E+000   4.7918514776194847E+000   1.0841073195178725E+000
7.9967120489577646E+003   1.3498652031271217E+002   6.3147415520196581E+000   4.7934624402709032E+000   1.0931230476501370E+000
7.6793631226396838E+003   1.3998597680261241E+002   6.3394398814321509E+000   4.7952084558358310E+000   1.1019801812265257E+000
7.5301211038107258E+003   1.4498535405909993E+002   6.3627200398692159E+000   4.7967179606034289E+000   1.1106012509098635E+000
7.0676197326639494E+003   1.4998548429097693E+002   6.3850640343970309E+000   4.7985679612954470E+000   1.1180732467897347E+000
6.0600853804827166E+003   1.7498468968493614E+002   6.4847443966674074E+000   4.8063697020728444E+000   1.1523099463701283E+000
5.7633886520022097E+003   1.9998252442245317E+002   6.5686414187019748E+000   4.8115645348256413E+000   1.1838687918818189E+000
5.3225080074624993E+003   2.2498017594813760E+002   6.6418876797971018E+000   4.8161069597772084E+000   1.2114070725262471E+000
5.0829846040106686E+003   2.4997798539291080E+002   6.7052878263344384E+000   4.8194726002698021E+000   1.2363758648097283E+000
4.9766817628548461E+003   2.7497532357511199E+002   6.7615541772006553E+000   4.8223588871713625E+000   1.2587364664397149E+000
4.9381017332985502E+003   2.9997223819872892E+002   6.8122490091168233E+000   4.8247211037274287E+000   1.2793594492856677E+000
