2.9492346067280898E+009   9.9999765727199000E-002   -3.3251078684527844E+000   3.3446705724936008E+000   -8.2921792703147978E-001
1.7786561552244723E+009   1.4999965058443640E-001   -2.8704698502045032E+000   3.3937497218148316E+000   -7.0005721654980091E-001
1.4121670618950386E+009   1.9999953534034426E-001   -2.6185682279748175E+000   3.4123601599153432E+000   -6.1132728163598116E-001
1.0698993571828262E+009   2.4999943798164506E-001   -2.4257916247623235E+000   3.4273729340689281E+000   -5.4496452833690401E-001
2.9368008471096319E+008   2.9999946843424796E-001   -2.2402505486368978E+000   3.4433635657524206E+000   -4.8417525364117597E-001
2.9588444909783459E+008   3.0999944308873423E-001   -2.1987534894655765E+000   3.4500749737905290E+000   -4.7684954013173209E-001
2.9941899969527376E+008   3.1999941678463628E-001   -2.1574194127892139E+000   3.4567868505721946E+000   -4.6960625535688283E-001
2.9320117594616842E+008   3.2999939306458942E-001   -2.1143667632703380E+000   3.4635712717874347E+000   -4.6164877302792445E-001
2.8264767784586656E+008   3.3999937192355278E-001   -2.0728177222152468E+000   3.4702576792152646E+000   -4.5424706735603937E-001
2.5181472655379266E+008   3.4999936081411204E-001   -2.0295827241274949E+000   3.4768960260004396E+000   -4.4590626188251170E-001
2.3961680907142764E+008   3.5999934072504758E-001   -1.9878511604263813E+000   3.4834571400678147E+000   -4.3816270816670644E-001
2.3357855886664355E+008   3.6999931816780945E-001   -1.9483688244417712E+000   3.4897844825839734E+000   -4.3107622520671884E-001
2.2427694904893166E+008   3.7999929787913911E-001   -1.9093443750896943E+000   3.4959410133671005E+000   -4.2387706209693365E-001
2.2353448663374925E+008   3.8999927251858724E-001   -1.8728300131446201E+000   3.5018028124563525E+000   -4.1734347930290172E-001
2.1128890131223992E+008   3.9999925387738017E-001   -1.8344619619662259E+000   3.5075883611524414E+000   -4.0973055110588136E-001
1.9024475919496349E+008   4.4999913668477265E-001   -1.6599112272959373E+000   3.5347116927869839E+000   -3.7670184703982279E-001
1.8701056621071628E+008   4.9999900111924250E-001   -1.5163689345518021E+000   3.5533362465591640E+000   -3.4217980821211491E-001
1.7268800960535499E+008   5.4999887377415924E-001   -1.3887074690712864E+000   3.5653930409582482E+000   -3.0246266427002577E-001
1.6546247844361255E+008   5.9999872659068143E-001   -1.2688117216286661E+000   3.5762564766361438E+000   -2.6424166190450643E-001
1.4498857873069197E+008   6.4999859580180208E-001   -1.1424116371249429E+000   3.5900968439612537E+000   -2.2872235430286453E-001
1.2432199506779271E+008   6.9999846743765048E-001   -1.0118341261655086E+000   3.6077114756486699E+000   -1.9866286219797993E-001
1.0728201922301526E+008   7.4999833363702850E-001   -8.8135375320100007E-001   3.6273828836217610E+000   -1.7276549166190747E-001
9.1948756758627519E+007   7.9999820269983068E-001   -7.5517608265531699E-001   3.6471225558002485E+000   -1.4915600074604182E-001
8.3830550300403252E+007   8.4999803287359343E-001   -6.3702972690341275E-001   3.6656105957570078E+000   -1.2705890278360771E-001
7.2655157342371985E+007   8.9999789467143332E-001   -5.2600820407920146E-001   3.6825141094779448E+000   -1.0535516881337720E-001
7.1434974233754158E+007   9.1999780813928556E-001   -4.8511290138581104E-001   3.6883905272098336E+000   -9.6660352930458771E-002
6.6579419856181264E+007   9.3999776437023563E-001   -4.4402762729837125E-001   3.6942883768699470E+000   -8.7913415206966883E-002
6.4991350125083081E+007   9.5999768162773957E-001   -4.0542879861811426E-001   3.6995270440952295E+000   -7.9091335317402395E-002
5.9875533291578576E+007   9.7999765017827778E-001   -3.6622670061787976E-001   3.7049189328091772E+000   -7.0274063745180665E-002
5.7380709456789814E+007   9.9999758411450856E-001   -3.2923975536698979E-001   3.7097405686088791E+000   -6.1423862719138703E-002
5.3310220170509420E+007   1.0199975478576850E+000   -2.9206593558278321E-001   3.7145619381287838E+000   -5.2479691866844397E-002
5.0922118169355616E+007   1.0399974861810175E+000   -2.5688208725924266E-001   3.7189016237775756E+000   -4.3567139002658926E-002
4.8820544299531035E+007   1.0599974208015925E+000   -2.2266374824212387E-001   3.7229618557164499E+000   -3.4578433371847295E-002
4.6601195650095418E+007   1.0799973603273068E+000   -1.8899281049696301E-001   3.7268648633481467E+000   -2.5548979762661204E-002
4.3548515131563902E+007   1.0999973230782416E+000   -1.5521486249282268E-001   3.7308069116280573E+000   -1.6544102320412677E-002
4.1687809042851418E+007   1.1199972604715249E+000   -1.2314191792863866E-001   3.7342988349340773E+000   -7.4914766503604447E-003
3.9499793984408967E+007   1.1399972101444318E+000   -9.1115214671680961E-002   3.7377693761411579E+000   1.5807925639565864E-003
3.7876763151450671E+007   1.1599971466918706E+000   -6.0327143502396818E-002   3.7409570877006746E+000   1.0599405029566014E-002
3.6283318470160306E+007   1.1799970845590466E+000   -2.9953162133831663E-002   3.7440177157373520E+000   1.9665139640493674E-002
3.4656025438669167E+007   1.1999970264682609E+000   -2.7484146014068312E-005   3.7469765084206568E+000   2.8710393267794263E-002
3.2656468399999641E+007   1.2199969859636390E+000   3.0235573534031175E-002   3.7500326424403401E+000   3.7729654068449137E-002
3.1736733485416215E+007   1.2399969067646270E+000   5.8325351881456738E-002   3.7525334034631190E+000   4.6773021196604515E-002
3.0389386394844994E+007   1.2599968469220004E+000   8.6815087720194500E-002   3.7551833461958610E+000   5.5718003650489081E-002
2.8815876464737196E+007   1.2799968007900266E+000   1.1529555190981738E-001   3.7578801882567947E+000   6.4564551623432997E-002
2.7421578677808207E+007   1.2999967509587604E+000   1.4381929977809363E-001   3.7605125054795434E+000   7.3561791112074865E-002
2.6568015847309660E+007   1.3199966762858264E+000   1.7009678157989316E-001   3.7627316776990520E+000   8.2262187573955883E-002
2.5381968434303626E+007   1.3399966223735262E+000   1.9754709922435446E-001   3.7651639763235951E+000   9.1122749147100238E-002
2.4510664863147166E+007   1.3599965528834466E+000   2.2360305940452532E-001   3.7673455571824022E+000   9.9787567519572351E-002
2.3529417320606604E+007   1.3799964928168995E+000   2.5006828434598632E-001   3.7696139444197669E+000   1.0848340551557263E-001
2.2786942661334526E+007   1.3999964193044483E+000   2.7535198803509969E-001   3.7716505987267537E+000   1.1705194874615626E-001
2.2005181802746233E+007   1.4199963506065871E+000   3.0071563146040686E-001   3.7737434141328925E+000   1.2554813964653216E-001
2.1188177884608954E+007   1.4399962871151468E+000   3.2608445586886281E-001   3.7758823901914762E+000   1.3395459973359283E-001
2.0488088122328356E+007   1.4599962169641838E+000   3.5085627517072210E-001   3.7778998896336069E+000   1.4230551050026125E-001
1.9752929711703829E+007   1.4799961522507372E+000   3.7567899736543969E-001   3.7799800626182480E+000   1.5055652562833727E-001
1.9168530845635097E+007   1.4999960762603328E+000   3.9978365210288791E-001   3.7818930020536996E+000   1.5878297412615908E-001
1.8432045602610081E+007   1.5199960177581653E+000   4.2438840884648166E-001   3.7840334074023252E+000   1.6680454180070417E-001
1.7827725968290877E+007   1.5399959489965245E+000   4.4825482390112431E-001   3.7860131870757705E+000   1.7477818998113473E-001
1.7245307538600836E+007   1.5599958805826326E+000   4.7202949442307562E-001   3.7879924267749523E+000   1.8270704584374672E-001
1.6734657195578920E+007   1.5799958061539616E+000   4.9502203411775103E-001   3.7898695124911312E+000   1.9044914425872664E-001
1.6189685198647749E+007   1.5999957386417318E+000   5.1846025405333807E-001   3.7918837415546176E+000   1.9813979609954716E-001
1.5694969727201235E+007   1.6199956675135330E+000   5.4127838923670846E-001   3.7938173868714284E+000   2.0568157305761073E-001
1.5370177769648509E+007   1.6399955742477461E+000   5.6268396037143531E-001   3.7954212580411091E+000   2.1317661628561232E-001
1.4918068743686013E+007   1.6599955010063931E+000   5.8495942633852005E-001   3.7973462408926526E+000   2.2046438356606951E-001
1.4348707074871261E+007   1.6799954497294876E+000   6.0837739689238812E-001   3.7996071815326462E+000   2.2765148756301623E-001
1.3973714970430110E+007   1.6999953703241710E+000   6.2958962826763953E-001   3.8014339626880727E+000   2.3460404093978826E-001
1.3667033024857758E+007   1.7199952805508627E+000   6.5034939814128312E-001   3.8031369483610127E+000   2.4157795453073100E-001
1.3242409251554763E+007   1.7399952146554014E+000   6.7193235300897758E-001   3.8051681429114654E+000   2.4830704286367233E-001
1.2829281899682764E+007   1.7599951503112006E+000   6.9386979263886484E-001   3.8073033761018169E+000   2.5500529629791141E-001
1.2519665603751741E+007   1.7799950677369893E+000   7.1405988820970068E-001   3.8090874010993221E+000   2.6153229408831979E-001
1.2235055111047583E+007   1.7999949816867282E+000   7.3424518635627412E-001   3.8109092211221132E+000   2.6798130311602408E-001
1.1818809661736349E+007   1.8199949286658166E+000   7.5619777364679530E-001   3.8132674993364879E+000   2.7424104033253516E-001
1.1562427029965242E+007   1.8399948414903766E+000   7.7527758674179048E-001   3.8150265523835096E+000   2.8026284078598956E-001
1.1278419490350753E+007   1.8599947635152678E+000   7.9505757127443655E-001   3.8170167294818604E+000   2.8617247885561153E-001
1.0940045933559403E+007   1.8799947031170878E+000   8.1603680378920329E-001   3.8193874597273347E+000   2.9192063462204659E-001
1.0699861504015306E+007   1.8999946192028263E+000   8.3478420340006687E-001   3.8212989441864655E+000   2.9747136550921705E-001
1.0421118096979221E+007   1.9199945489935668E+000   8.5457203102905477E-001   3.8235446451466473E+000   3.0287387740334692E-001
1.0191823237993916E+007   1.9399944668159859E+000   8.7340973132939892E-001   3.8256213583877079E+000   3.0813930107139798E-001
9.9470938461738732E+006   1.9599943919776566E+000   8.9246006034700531E-001   3.8278482961207136E+000   3.1321059011418961E-001
9.7097729330150597E+006   1.9799943177028945E+000   9.1135955248495404E-001   3.8301377136828023E+000   3.1808150105898586E-001
9.4620181516911983E+006   1.9999942500604806E+000   9.3057310976223140E-001   3.8326184743722953E+000   3.2272675831863978E-001
9.2433033743203841E+006   2.0199941749370094E+000   9.4914649060672973E-001   3.8350297689456689E+000   3.2719085959414118E-001
8.9742159890628774E+006   2.0399941226467670E+000   9.6987304545837372E-001   3.8381522547066287E+000   3.3130916549804257E-001
8.7608037226659097E+006   2.0599940523032596E+000   9.8869885031590032E-001   3.8410082168256641E+000   3.3501014368873672E-001
8.5609554659260232E+006   2.0799939790840920E+000   1.0069729874692659E+000   3.8438667724416433E+000   3.3843010103346111E-001
8.4062345075442065E+006   2.0999938890984828E+000   1.0230032301385574E+000   3.8462530637978003E+000   3.4167263965579153E-001
8.1659465814498086E+006   2.1199938400080081E+000   1.0441851715081185E+000   3.8500223019704913E+000   3.4472513399519056E-001
8.0024723953428064E+006   2.1399937586335880E+000   1.0607056336463017E+000   3.8527221291989502E+000   3.4758571060736393E-001
7.7895999633654710E+006   2.1599937040305512E+000   1.0813876603332275E+000   3.8565109299870968E+000   3.5034912237453369E-001
7.6320171285878783E+006   2.1799936252234455E+000   1.0975562714103371E+000   3.8592915491045243E+000   3.5287218967823442E-001
7.4781374632726330E+006   2.1999935464483968E+000   1.1138837262585624E+000   3.8621147571039356E+000   3.5538950110352313E-001
7.2952671935752295E+006   2.2199934862698343E+000   1.1330416976413993E+000   3.8656463709830362E+000   3.5790525903674053E-001
7.1705030195297459E+006   2.2399933961657341E+000   1.1468943771348914E+000   3.8679303090320616E+000   3.6026372268543633E-001
7.0267971234925883E+006   2.2599933189513970E+000   1.1629851580316310E+000   3.8707528780161553E+000   3.6266397516561888E-001
6.8804228132668305E+006   2.2799932453477800E+000   1.1794163720276041E+000   3.8736793092057544E+000   3.6502671978440715E-001
6.7519408626209525E+006   2.2999931634994915E+000   1.1947746438539077E+000   3.8763232097704607E+000   3.6741805456814575E-001
6.5681383197455984E+006   2.3199931200623198E+000   1.2153291554641033E+000   3.8803077138718618E+000   3.6972630217044228E-001
6.4394289506049398E+006   2.3399930437210235E+000   1.2308081684186649E+000   3.8830445389948340E+000   3.7199215840177852E-001
6.3113168650962012E+006   2.3599929690990580E+000   1.2465400569261484E+000   3.8858457774043895E+000   3.7425562583640903E-001
6.2271135754725225E+006   2.3799928649944362E+000   1.2582503667612563E+000   3.8876275806087612E+000   3.7654717434521906E-001
6.1050799671391966E+006   2.3999927902412286E+000   1.2737953731381613E+000   3.8903997990186072E+000   3.7877524071398083E-001
5.9691605182072958E+006   2.4199927284218008E+000   1.2905371138872797E+000   3.8935235912635067E+000   3.8089852659874096E-001
5.8404878063983805E+006   2.4399926645430368E+000   1.3071071303036943E+000   3.8965900067100989E+000   3.8305070391376234E-001
5.7313444926277632E+006   2.4599925874699133E+000   1.3218900324378151E+000   3.8992058014492326E+000   3.8521056550255645E-001
5.5994882571237339E+006   2.4799925324054217E+000   1.3399185223957577E+000   3.9026121709461878E+000   3.8741207148761753E-001
5.5237957999834185E+006   2.4999924307743981E+000   1.3509207965196870E+000   3.9043233861990010E+000   3.8949077804395571E-001
5.4218559486812893E+006   2.5199923541968943E+000   1.3654518374617368E+000   3.9069048485883711E+000   3.9159337373623981E-001
5.3044792260536319E+006   2.5399922945563453E+000   1.3819962637536738E+000   3.9100114526169607E+000   3.9365237882502885E-001
5.1986467521672100E+006   2.5599922268733173E+000   1.3975208302303688E+000   3.9128543308738988E+000   3.9572890554950124E-001
6.3659592228697473E+006   2.5799907839696816E+000   1.4797162489194275E+000   3.9328540877092113E+000   3.9682710122340553E-001
6.2146490408753306E+006   2.5999907349529141E+000   1.4921415391991781E+000   3.9346984935927836E+000   3.9935093459613596E-001
6.1377249210456964E+006   2.6199906002916653E+000   1.5087611385152533E+000   3.9383209365769778E+000   4.0041584828578447E-001
6.0322683127803737E+006   2.6399905028006478E+000   1.5234328715348626E+000   3.9411577795703705E+000   4.0207802880880422E-001
5.8745959677843424E+006   2.6599904764646358E+000   1.5343796053687064E+000   3.9424610127138906E+000   4.0494492943868537E-001
5.7712185608862909E+006   2.6799903842528692E+000   1.5487967146194905E+000   3.9452253552291734E+000   4.0662479903351267E-001
5.6861778405929105E+006   2.6999902700282581E+000   1.5640196579005541E+000   3.9483635582853869E+000   4.0795986456161742E-001
4.5111860466410592E+006   2.7199916076777990E+000   1.5072161762994249E+000   3.9323312678129523E+000   4.1162270470592188E-001
5.4669155216409983E+006   2.7399901202733377E+000   1.5898986637201589E+000   3.9528364695383980E+000   4.1195354496539704E-001
5.3315125016738446E+006   2.7599900898794298E+000   1.6007546521952498E+000   3.9542047710603123E+000   4.1464493615911496E-001
5.3092127580366228E+006   2.7799898925804962E+000   1.6194947010544811E+000   3.9589467009941228E+000   4.1453110072110866E-001
5.1987569513252173E+006   2.7999898319759087E+000   1.6315481760726305E+000   3.9608792727198838E+000   4.1669269477866167E-001
4.3416461864750236E+006   2.9999890317405673E+000   1.7548995585944851E+000   3.9827570664099561E+000   4.3461279865944402E-001
3.6452866599233793E+006   3.1999882749151936E+000   1.8680381779941468E+000   4.0023828664409233E+000   4.5193050829734144E-001
3.1709733469449435E+006   3.3999872475509281E+000   1.9835124597099199E+000   4.0250876092480548E+000   4.6425816354096378E-001
2.7108185191607662E+006   3.5999864602536968E+000   2.0821102446371293E+000   4.0421201723260660E+000   4.7949192984854649E-001
2.3553618903390430E+006   3.7999855606678072E+000   2.1785995587353022E+000   4.0598374993668811E+000   4.9230193281600315E-001
2.0655704900469896E+006   3.9999846093019813E+000   2.2705087823906918E+000   4.0770369058972236E+000   5.0385773158301261E-001
1.8134217294169953E+006   4.1999837016157704E+000   2.3559399121790872E+000   4.0926088304385475E+000   5.1542944739456209E-001
1.5903376033222268E+006   4.3999828697370695E+000   2.4341799770744013E+000   4.1060721607799415E+000   5.2762281915943221E-001
1.4143439982480416E+006   4.5999819136031164E+000   2.5118699433437865E+000   4.1204784946143826E+000   5.3765513462524162E-001
1.2581172395108053E+006   4.7999810107580894E+000   2.5840237471401171E+000   4.1333365151771195E+000   5.4801599539793422E-001
1.1342913676791214E+006   4.9999799728956766E+000   2.6558707203012437E+000   4.1471338736336829E+000   5.5634476506537012E-001
1.0205278444013143E+006   5.1999789804378649E+000   2.7232641679552057E+000   4.1597164754856806E+000   5.6487628518835431E-001
9.2166277165896434E+005   5.3999779739624598E+000   2.7877397808046913E+000   4.1717520968247435E+000   5.7304284893497204E-001
8.2941641050490178E+005   5.5999770838733705E+000   2.8462996681334687E+000   4.1816613556108475E+000   5.8250427502715341E-001
7.5540706218524987E+005   5.7999760614671692E+000   2.9051297333179824E+000   4.1925194643624115E+000   5.9020309011628080E-001
6.7768344555250066E+005   5.9999753383410930E+000   2.9559204028433910E+000   4.1998651061948067E+000   6.0090714121419564E-001
6.3290243485826976E+005   6.1999740026325503E+000   3.0156734364821478E+000   4.2128503961028008E+000   6.0481307821758568E-001
5.7635023126739159E+005   6.3999731362503418E+000   3.0645454554706943E+000   4.2206529721883133E+000   6.1364393554083541E-001
5.2921597870984778E+005   6.5999721782100815E+000   3.1133813812910196E+000   4.2290838271625963E+000   6.2120018850243153E-001
4.9137477189246088E+005   6.7999710713042578E+000   3.1626876280152323E+000   4.2384446734515544E+000   6.2713161928662065E-001
4.4845433106326370E+005   6.9999703163883433E+000   3.2049263874571654E+000   4.2444144305306493E+000   6.3631148484939726E-001
4.1777879936468037E+005   7.1999692395303070E+000   3.2503772415686307E+000   4.2528372106096635E+000   6.4219135174710218E-001
3.8710251577786164E+005   7.3999683017654503E+000   3.2923610481359904E+000   4.2598130655806585E+000   6.4923154508879033E-001
3.6290384197869245E+005   7.5999671920577709E+000   3.3351494885467203E+000   4.2678427967067520E+000   6.5456630304196928E-001
3.4448588285533694E+005   7.7999658818376227E+000   3.3792081939186236E+000   4.2771622629749446E+000   6.5795672319153575E-001
3.1907776438847557E+005   7.9999650773223445E+000   3.4153427457467012E+000   4.2822931471884180E+000   6.6576223067862772E-001
2.3813546080968805E+005   8.9999561267630490E+000   3.5948972270310291E+000   4.3139730871113295E+000   6.9217959147496821E-001
1.8526671466629885E+005   9.9990821741937292E+000   3.7508002313200564E+000   4.3411780706185068E+000   7.1572112660512777E-001
1.5022394714860400E+005   1.0998587426290781E+001   3.8896319827102008E+000   4.3657859959945515E+000   7.3592115154810966E-001
1.2338201878219126E+005   1.1997956650427867E+001   4.0106402108683108E+000   4.3855224130965933E+000   7.5695243142308177E-001
1.0315632307663557E+005   1.2997170818993089E+001   4.1185832498047521E+000   4.4023946015811495E+000   7.7717957392219117E-001
8.8417731701898490E+004   1.3996181775608399E+001   4.2170365731594774E+000   4.4180111219097427E+000   7.9517319494236838E-001
7.7397293122301315E+004   1.4995823262851465E+001   4.3073550298646310E+000   4.4325189963016731E+000   8.1131667451108214E-001
6.9661485414040508E+004   1.5996553829228642E+001   4.3908901661112605E+000   4.4469795109468562E+000   8.2416321334403131E-001
6.1273471459728935E+004   1.6995933942033169E+001   4.4646942530245761E+000   4.4570078739441108E+000   8.4100853080618043E-001
5.6225808256693526E+004   1.7995186325468822E+001   4.5360191542696091E+000   4.4688811900049759E+000   8.5292434930696659E-001
5.0775347270862803E+004   1.8994378737105865E+001   4.6002182017955651E+000   4.4779200404863797E+000   8.6694617210713709E-001
4.7445227612330396E+004   1.9993431161466834E+001   4.6622172913881803E+000   4.4883622225279263E+000   8.7706135282035180E-001
4.1067190299120222E+004   2.1991292179079181E+001   4.7726137355787124E+000   4.5050123957192341E+000   8.9895922853300114E-001
3.5989617996336841E+004   2.3988797001417883E+001   4.8698439912026910E+000   4.5188524437624391E+000   9.1989426025858123E-001
3.2299361137157244E+004   2.5985880991571726E+001   4.9572605134621455E+000   4.5314808341539194E+000   9.3834574060534726E-001
2.9742218674588767E+004   2.7982461767085834E+001   5.0367234235012894E+000   4.5434933633554655E+000   9.5405213722182591E-001
2.7288264365882045E+004   2.9978749558080793E+001   5.1081174860885037E+000   4.5532562004610044E+000   9.7022349430435695E-001
2.5074912770385894E+004   3.1974769460262920E+001   5.1733798240887010E+000   4.5619984529156641E+000   9.8537015839513531E-001
2.3403670089023250E+004   3.3970369933067765E+001   5.2336480354646913E+000   4.5702838154424876E+000   9.9893353902948367E-001
2.2073400701825092E+004   3.5965648567255840E+001   5.2894971238817856E+000   4.5780765274926436E+000   1.0112726591377199E+000
2.0966580995773165E+004   3.7960821412250361E+001   5.3413942148702027E+000   4.5852980849766807E+000   1.0227780896638539E+000
1.9978392330107450E+004   3.9955921235255502E+001   5.3896645131617831E+000   4.5917355053319424E+000   1.0340383980991192E+000
1.7831213196751360E+004   4.4943611600615242E+001   5.4972511824227297E+000   4.6052297231464632E+000   1.0608432971005510E+000
1.6369432476807811E+004   4.9930434152016161E+001   5.5902296121098933E+000   4.6173063831515533E+000   1.0831791919339531E+000
1.4965384902654336E+004   5.4917444677412071E+001   5.6716566224170721E+000   4.6263713491501370E+000   1.1057627650903743E+000
1.4129672217703075E+004   5.9902327373360492E+001   5.7445598696784765E+000   4.6354191387915034E+000   1.1241188094383445E+000
1.3908965755158441E+004   6.4883411330399724E+001   5.8106340973461759E+000   4.6457826026779916E+000   1.1364289954992173E+000
1.2466979268756819E+004   6.9873438218372527E+001   5.8688119854328562E+000   4.6487859595238188E+000   1.1595112258509037E+000
1.2949511041514288E+004   7.4848841297840480E+001   5.9242643057773590E+000   4.6610526042100169E+000   1.1627040966507596E+000
1.2232070137244027E+004   7.9831900285597669E+001   5.9735873183687263E+000   4.6655977549925876E+000   1.1782753013813001E+000
1.1560339189613986E+004   8.4816442717828181E+001   6.0191542772387576E+000   4.6696108831135286E+000   1.1930325245744344E+000
1.0899279791918505E+004   8.9802447553682100E+001   6.0613415178833332E+000   4.6724573218195760E+000   1.2084332674846279E+000
1.0245503123085438E+004   9.4791142836634407E+001   6.1007316789163504E+000   4.6747494853352887E+000   1.2235440209697106E+000
9.0967077472745623E+003   9.9791356183738145E+001   6.1371746535739531E+000   4.6735491658553379E+000   1.2441661472584147E+000
9.7398595674923090E+003   1.0476288684255276E+002   6.1730692299188012E+000   4.6832527618606150E+000   1.2427062434202829E+000
9.3869432177559684E+003   1.0975530680649935E+002   6.2060373017582995E+000   4.6864261496857429E+000   1.2528435036897769E+000
8.2403671648279960E+003   1.1477163399127036E+002   6.2365290693069815E+000   4.6832866751485627E+000   1.2743683365384786E+000
7.6865971011822312E+003   1.1978581815320325E+002   6.2660413618689850E+000   4.6844011368936789E+000   1.2868955593292479E+000
8.2566339673161256E+003   1.2475283491858467E+002   6.2947928496943595E+000   4.6931252961125054E+000   1.2838229848042835E+000
6.9260082644493841E+003   1.2976907444600889E+002   6.3208242347612922E+000   4.6881727055613753E+000   1.3067438584400082E+000
7.5755257237709393E+003   1.3472590251911947E+002   6.3469720670353285E+000   4.6973671145203371E+000   1.3014289566591042E+000
7.2582510758333619E+003   1.3971411943120029E+002   6.3713777610227549E+000   4.6995480379479861E+000   1.3092699567975183E+000
6.4642146228227748E+003   1.4472280197377219E+002   6.3944068085658143E+000   4.6973234896882889E+000   1.3252335770884429E+000
5.7993743130918647E+003   1.4973344808857229E+002   6.4164983994726867E+000   4.6951706690128185E+000   1.3405850138928208E+000
6.2312623692154866E+003   1.7464273963024425E+002   6.5165995252957094E+000   4.7068439955836165E+000   1.3672889236627350E+000
5.1746826783619708E+003   1.9962984005541188E+002   6.5999030375937178E+000   4.7062074163898666E+000   1.4102138381992402E+000
5.5917798833388151E+003   2.2451820231429744E+002   6.6721490212755592E+000   4.7137955325996863E+000   1.4311605976205204E+000
5.1985172034016668E+003   2.4947009455894423E+002   6.7351617395520087E+000   4.7159545209542237E+000   1.4583489800496690E+000
5.2948303971086852E+003   2.7437498076911970E+002   6.7914400371439774E+000   4.7211858110183007E+000   1.4760255487175016E+000
5.1896816504618100E+003   2.9929947867112998E+002   6.8418685226837965E+000   4.7233623993178764E+000   1.4968866148882594E+000
