1.1523942217240198E+009   9.9999715634058711E-002   -2.6546460734295789E+000   3.5964175776302487E+000   -9.9748103979317337E-001
4.1701354511677063E+008   1.4999962757381924E-001   -2.1629728329356599E+000   3.6267717535908779E+000   -8.1235277146747242E-001
3.0370256797291851E+008   1.9999952013089925E-001   -1.9138251130256954E+000   3.6403796122105461E+000   -7.1499462875182596E-001
2.4329513275468349E+008   2.4999941954503815E-001   -1.7514947333922197E+000   3.6444153461319355E+000   -6.4190090677786704E-001
1.8477256707864800E+008   2.9999933529518330E-001   -1.6229268657134537E+000   3.6474688215284994E+000   -5.8372392373161219E-001
1.9156672011005434E+008   3.0999930382338270E-001   -1.5981004768358631E+000   3.6486144681810715E+000   -5.7360202259796211E-001
1.8238978874862909E+008   3.1999928624849366E-001   -1.5739262668143905E+000   3.6497798500426035E+000   -5.6384568131028845E-001
1.6636054952168393E+008   3.2999927562680431E-001   -1.5503142264264265E+000   3.6509677774791816E+000   -5.5441551598946293E-001
1.6872921330696714E+008   3.3999924751924787E-001   -1.5272899315912607E+000   3.6521803160772488E+000   -5.4532844576801454E-001
1.6843997310735166E+008   3.4999922187905769E-001   -1.5047015442648060E+000   3.6534142536057428E+000   -5.3650212716177426E-001
1.6719975733053732E+008   3.5999919602002617E-001   -1.4814072762518307E+000   3.6546809753695730E+000   -5.2738843668294777E-001
1.2925671659342709E+008   3.6999921062095997E-001   -1.4547334113842576E+000   3.6560058976894445E+000   -5.1670134888890429E-001
1.2432879421361488E+008   3.7999918998920945E-001   -1.4301750628728807E+000   3.6574841068368338E+000   -5.0737859292799270E-001
1.1138613691329773E+008   3.8999918102638975E-001   -1.4043775429099334E+000   3.6590518159650931E+000   -4.9761525120303896E-001
1.1064958236136411E+008   3.9999915524837493E-001   -1.3789884485027710E+000   3.6607570908277367E+000   -4.8833125372474595E-001
9.9267707591370732E+007   4.4999902753302673E-001   -1.2409638752883678E+000   3.6715727711732176E+000   -4.4095032780850546E-001
8.2042236955491841E+007   4.9999889958420907E-001   -1.0883785562577657E+000   3.6871170118027949E+000   -3.9574614955235815E-001
6.3961267904330134E+007   5.4999877572533828E-001   -9.2932988867433153E-001   3.7064959016581858E+000   -3.5497959547142288E-001
5.0464970522326484E+007   5.9999864551222337E-001   -7.7280793257670488E-001   3.7260214120108572E+000   -3.1576963812795389E-001
4.0899134513040319E+007   6.4999850450440577E-001   -6.1968909031088937E-001   3.7465752783829642E+000   -2.8031794973925961E-001
3.3212349478403073E+007   6.9999836064497944E-001   -4.7036636923448921E-001   3.7673393746937700E+000   -2.4718478182267073E-001
2.8202701793290030E+007   7.4999819722179017E-001   -3.2977440972048955E-001   3.7865968148330023E+000   -2.1540368234413607E-001
2.5214971098716095E+007   7.9999800254336051E-001   -1.9690657462336439E-001   3.8044579694510841E+000   -1.8469207403173574E-001
2.2748707386389825E+007   8.4999779047605895E-001   -7.2629125017148091E-002   3.8211207956557431E+000   -1.5587900163794599E-001
2.1121539877426412E+007   8.9999754519101205E-001   4.1453464326365881E-002   3.8365608690015351E+000   -1.2971785365777400E-001
1.9662853785713848E+007   9.1999747648344510E-001   8.5272859564322775E-002   3.8426359696981005E+000   -1.1995835743192544E-001
1.8573965314646933E+007   9.3999739680410144E-001   1.2779003570332825E-001   3.8486318851319021E+000   -1.1069160023002597E-001
1.6909997125642199E+007   9.5999734987320107E-001   1.6939262305657557E-001   3.8544118895593891E+000   -1.0145031540837554E-001
1.6581465307923466E+007   9.7999723885525503E-001   2.0920912556396865E-001   3.8604283329071434E+000   -9.3574950850187966E-002
1.5578615734884078E+007   9.9999716588993359E-001   2.4904289721368020E-001   3.8665915627320984E+000   -8.5984524675242993E-002
1.5088529026263593E+007   1.0199970659106516E+000   2.8762246288224230E-001   3.8727648995110497E+000   -7.9041415398864737E-002
1.4479924390339186E+007   1.0399969749274856E+000   3.2553785928579781E-001   3.8791222208733460E+000   -7.2798359921679628E-002
1.4412879380563887E+007   1.0599968466303775E+000   3.6208122104790269E-001   3.8855971515985264E+000   -6.7476540490986808E-002
1.3493200894925868E+007   1.0799967839237021E+000   3.9850854544056380E-001   3.8927011562870373E+000   -6.3470887671678813E-002
1.3314308130359389E+007   1.0999966649267758E+000   4.3342439359979656E-001   3.8999492303465515E+000   -6.0509111711089969E-002
1.2863564570856117E+007   1.1199965696147023E+000   4.6780852157075337E-001   3.9074633372232976E+000   -5.8345261479104349E-002
1.2135504586219091E+007   1.1399965038406512E+000   5.0185332253068038E-001   3.9150783755879814E+000   -5.6552937728508536E-002
1.2121480286223372E+007   1.1599963692445976E+000   5.3412558392915754E-001   3.9223018659333668E+000   -5.4863787720041475E-002
1.1596093635133170E+007   1.1799962879864623E+000   5.6636612908163242E-001   3.9295547299830984E+000   -5.3249243243267359E-002
1.1143024104507204E+007   1.1999962022334851E+000   5.9787381277455920E-001   3.9366481941090732E+000   -5.1682329648752898E-002
1.0762979650814801E+007   1.2199961099658665E+000   6.2862392994096283E-001   3.9435674024700735E+000   -5.0145687787551706E-002
1.0221451305929994E+007   1.2399960412514863E+000   6.5913155366574716E-001   3.9504320653070013E+000   -4.8621201599015583E-002
1.0328830685907837E+007   1.2599958877386535E+000   6.8787065362731770E-001   3.9568685391981404E+000   -4.7124599400507505E-002
9.9014981117496677E+006   1.2799958074847742E+000   7.1688648727949378E-001   3.9633967732145168E+000   -4.5673150607172516E-002
9.4618884756404757E+006   1.2999957331469116E+000   7.4537982663932767E-001   3.9697929071301674E+000   -4.4218748758556532E-002
9.3387602349858209E+006   1.3199956113036211E+000   7.7288829178716179E-001   3.9759425226951395E+000   -4.2763747314585036E-002
8.8654253240444046E+006   1.3399955485837618E+000   8.0042733567812108E-001   3.9821184428147767E+000   -4.1346065608379633E-002
8.7753032322411072E+006   1.3599954228631517E+000   8.2688384135336102E-001   3.9880118508164806E+000   -3.9904628774165993E-002
8.1309688776773568E+006   1.3799954004523562E+000   8.5389813034002560E-001   3.9940692628418195E+000   -3.8512308331512993E-002
8.0103280914234640E+006   1.3999952831531255E+000   8.7929925122137520E-001   3.9997266370979054E+000   -3.7126496403010065E-002
7.6203466299120020E+006   1.4199952218122349E+000   9.0503411523222266E-001   4.0054545333138458E+000   -3.5714856829468213E-002
7.6539804675240247E+006   1.4399950730958833E+000   9.2919669294585461E-001   4.0108035556418935E+000   -3.4331612628745165E-002
7.3774824203446861E+006   1.4599949921175244E+000   9.5373316641915440E-001   4.0162539744243988E+000   -3.2964213457106858E-002
7.2266713736471087E+006   1.4799948842466026E+000   9.7760792405741781E-001   4.0215319903793771E+000   -3.1582866547931521E-002
6.8462382435142118E+006   1.4999948347253964E+000   1.0016963856238443E+000   4.0268888454478571E+000   -3.0252345901678458E-002
6.7363006258412832E+006   1.5199947203296700E+000   1.0246287885499263E+000   4.0319415380165138E+000   -2.8891529575950918E-002
6.5225573215820370E+006   1.5399946346272924E+000   1.0475901950343494E+000   4.0370185278878097E+000   -2.7564806076330651E-002
6.2735233079338232E+006   1.5599945616618787E+000   1.0702485945740832E+000   4.0420162466476928E+000   -2.6231043826230920E-002
6.1402988369282214E+006   1.5799944586554784E+000   1.0923012837888055E+000   4.0468736423928497E+000   -2.4919490709183374E-002
6.0570726019730484E+006   1.5999943399210719E+000   1.1138365362979776E+000   4.0515902054818245E+000   -2.3584990632545481E-002
5.7787729571681069E+006   1.6199942847243489E+000   1.1356931529560865E+000   4.0564174463484299E+000   -2.2311164036702687E-002
5.7467971173057277E+006   1.6399941522885197E+000   1.1564521650208548E+000   4.0609516792157594E+000   -2.1000123738979058E-002
5.4339153999384111E+006   1.6599941156694671E+000   1.1778840308765697E+000   4.0656800432407092E+000   -1.9740918861020203E-002
5.2161188258441025E+006   1.6799940513476297E+000   1.1989541351632840E+000   4.0703108384918494E+000   -1.8467457219943261E-002
5.1102578654307947E+006   1.6999939493149256E+000   1.2190196853270325E+000   4.0747047754101073E+000   -1.7222555974585059E-002
5.0098465627806140E+006   1.7199938455802617E+000   1.2387888050201548E+000   4.0790242189812727E+000   -1.5976883270354916E-002
4.9892711453120448E+006   1.7399937113935748E+000   1.2579800833372590E+000   4.0831969102360226E+000   -1.4726626621302136E-002
4.7198554042577893E+006   1.7599936795383717E+000   1.2782856284759452E+000   4.0876698688120561E+000   -1.3519771204026637E-002
4.7669644685540944E+006   1.7799935168478689E+000   1.2965269253881204E+000   4.0916147703163803E+000   -1.2288925756585941E-002
4.6250637834780058E+006   1.7999934365959882E+000   1.3155602382623852E+000   4.0957857728377265E+000   -1.1114274362147203E-002
4.5480159181421241E+006   1.8199933273231510E+000   1.3341342148012152E+000   4.0998360610467550E+000   -9.9278625107878660E-003
4.4427108317119116E+006   1.8399932333855324E+000   1.3525610447886733E+000   4.1038590416610115E+000   -8.7604087455723061E-003
4.2702232702153400E+006   1.8599931741322207E+000   1.3711451353097999E+000   4.1079427623262035E+000   -7.6358048153943696E-003
4.1869265419532354E+006   1.8799930735650157E+000   1.3890071155076573E+000   4.1118370366895292E+000   -6.4933634431158255E-003
4.1508306551901945E+006   1.8999929484776150E+000   1.4065152820445816E+000   4.1156473076077296E+000   -5.3598220110547328E-003
3.9028490291749481E+006   1.9199929396817461E+000   1.4252563033890631E+000   4.1197851950005626E+000   -4.2650861244806718E-003
3.8643819358138437E+006   1.9399928193002223E+000   1.4421500712836621E+000   4.1234674722384321E+000   -3.1827566529194617E-003
3.7281891769052213E+006   1.9599927558845680E+000   1.4599146788272317E+000   4.1273592602406284E+000   -2.0840288855285801E-003
3.6486707719270480E+006   1.9799926616314525E+000   1.4768320267889541E+000   4.1310512128747616E+000   -1.0092601729319532E-003
3.6529387334487275E+006   1.9999925169745456E+000   1.4926581699565458E+000   4.1344928736636133E+000   2.0489833159160556E-005
3.6427047277174159E+006   2.0199923793488233E+000   1.5088483024777979E+000   4.1380209003340118E+000   1.0595027529881704E-003
3.4564430945717567E+006   2.0399923577907830E+000   1.5262379210437922E+000   4.1418630423847675E+000   2.0700279344746750E-003
3.5079460303301672E+006   2.0599921798568772E+000   1.5414057898329161E+000   4.1451509957559844E+000   3.0780555866014928E-003
3.4322208061992819E+006   2.0799920874936175E+000   1.5574242641561113E+000   4.1486655773018049E+000   4.0581296565598314E-003
3.3016134470999292E+006   2.0999920362260940E+000   1.5738225861419304E+000   4.1522947265579218E+000   4.9989921372362049E-003
3.2153035352626820E+006   2.1199919567597858E+000   1.5898308425661793E+000   4.1558198684010650E+000   5.9528366630724680E-003
3.1615943123839693E+006   2.1399918552800634E+000   1.6052812492830542E+000   4.1592176047742297E+000   6.8825672751797323E-003
3.2144288719990281E+006   2.1599916686857092E+000   1.6196627155165491E+000   4.1623458870691126E+000   7.8167358021636896E-003
3.1304736618101527E+006   2.1799915902450078E+000   1.6350454487126713E+000   4.1657529965744979E+000   8.6938833894544040E-003
3.0032388760805503E+006   2.1999915514602568E+000   1.6508091949796833E+000   4.1692587425768757E+000   9.5642645182034674E-003
2.9129338810988455E+006   2.2199914835957477E+000   1.6662339399770516E+000   4.1726669821069864E+000   1.0460157956666180E-002
2.9757673584288377E+006   2.2399912847212620E+000   1.6796914465295232E+000   4.1756203284149791E+000   1.1282218616916891E-002
2.8957799573975811E+006   2.2599912113002301E+000   1.6945396909898665E+000   4.1789169242583126E+000   1.2113149160421012E-002
2.8751925305715380E+006   2.2799910847600628E+000   1.7087516819236792E+000   4.1820604303866551E+000   1.2932132370642146E-002
2.6902587362962635E+006   2.2999911149442926E+000   1.7250494193127499E+000   4.1856846041144831E+000   1.3832653609522579E-002
2.6953954323653504E+006   2.3199909660863742E+000   1.7383188086568671E+000   4.1886405094918366E+000   1.4555537526873944E-002
2.6887349499268946E+006   2.3399908297820518E+000   1.7518187620263761E+000   4.1916381608266526E+000   1.5310211541994719E-002
2.5922492876712107E+006   2.3599907821774018E+000   1.7666509461580002E+000   4.1949352958597377E+000   1.6132033541638339E-002
2.4808656084020925E+006   2.3799907560173130E+000   1.7822022768771295E+000   4.1983466335112327E+000   1.7085023598211305E-002
2.5069663837967925E+006   2.3999905855588155E+000   1.7942276200453331E+000   4.2010726098722007E+000   1.7645742460379827E-002
2.4244372372066397E+006   2.4199905325432258E+000   1.8088531949029514E+000   4.2042932606548060E+000   1.8517228323976877E-002
2.3853862834073273E+006   2.4399904347365831E+000   1.8223841158685801E+000   4.2073060609873707E+000   1.9257088141662777E-002
2.2978887659965982E+006   2.4599903935533951E+000   1.8374651008225442E+000   4.2105760957504934E+000   2.0257511092397349E-002
2.2953842453189604E+006   2.4799902539904646E+000   1.8494873707986115E+000   4.2133101732526974E+000   2.0800491076023917E-002
2.2778234497558922E+006   2.4999901324724179E+000   1.8620459091977508E+000   4.2161301098789865E+000   2.1439887023014789E-002
2.1900673300897474E+006   2.5199900997254541E+000   1.8769974407551135E+000   4.2193463936803761E+000   2.2483085198917400E-002
2.2034792199378340E+006   2.5399899404122581E+000   1.8880931195251249E+000   4.2219100475041387E+000   2.2903616936398315E-002
2.1367074446171592E+006   2.5599898857572647E+000   1.9021625954654329E+000   4.2249612564487391E+000   2.3835937017350612E-002
2.0788679826221464E+006   2.5799898220396003E+000   1.9160282976142546E+000   4.2279560439314805E+000   2.4779213126279231E-002
2.0579255755829888E+006   2.5999897097824367E+000   1.9281349377425812E+000   4.2306721202952913E+000   2.5400380462821677E-002
1.9884390667982786E+006   2.6199896658219046E+000   1.9426875941802912E+000   4.2337283092642526E+000   2.6564330743753885E-002
1.9834283009764382E+006   2.6399895312876365E+000   1.9536416898437388E+000   4.2362613397776281E+000   2.6975317548727448E-002
1.9390425856521640E+006   2.6599894565361590E+000   1.9667492059443985E+000   4.2390866147770003E+000   2.7878525600311500E-002
1.9002070468079287E+006   2.6799893736703617E+000   1.9795855954523207E+000   4.2418623529132145E+000   2.8745244081843948E-002
1.8481835264914839E+006   2.6999893145563432E+000   1.9933557192008891E+000   4.2447389993038858E+000   2.9877013174787855E-002
1.8565014558375219E+006   2.7199891601171338E+000   2.0027756204722440E+000   4.2470342097501126E+000   2.9996542918010030E-002
1.7912812995776967E+006   2.7399891259179765E+000   2.0174508847087051E+000   4.2500046462535765E+000   3.1393302029313702E-002
1.7807295031643915E+006   2.7599890025726026E+000   2.0279493808335523E+000   4.2524272219483272E+000   3.1797398702235684E-002
1.7387044165432337E+006   2.7799889349449085E+000   2.0409403333516773E+000   4.2551490817863105E+000   3.2849155285331166E-002
1.7075111913862000E+006   2.7999888461356464E+000   2.0527623703102074E+000   4.2577127419945704E+000   3.3632853348076898E-002
1.4585971864993342E+006   2.9999879278828616E+000   2.1662210704271376E+000   4.2821317675820678E+000   4.1524152231546499E-002
1.2572684673515928E+006   3.1999870082974717E+000   2.2725588658855811E+000   4.3045741245488385E+000   4.9808336027226702E-002
1.1211054770270588E+006   3.3999860038652119E+000   2.3657510891788580E+000   4.3246802113322520E+000   5.6192274107038066E-002
1.0336871288554043E+006   3.5999848975643332E+000   2.4454722192501812E+000   4.3424262753086271E+000   6.0560711189950364E-002
9.2197373213278258E+005   3.7999839358280854E+000   2.5281480680916424E+000   4.3594419395038280E+000   6.7867307220278783E-002
8.4458067693098821E+005   3.9999828941642290E+000   2.6001972559329194E+000   4.3744058926586549E+000   7.3963994831263938E-002
7.8568709669896716E+005   4.1999818045116832E+000   2.6648704299055623E+000   4.3876073240887594E+000   7.9897718957376129E-002
7.3421274668169685E+005   4.3999807121435719E+000   2.7260072670426876E+000   4.3995660567755994E+000   8.6548672152259212E-002
6.6256031399585144E+005   4.5999797940382994E+000   2.7910339826238260E+000   4.4116685990614997E+000   9.4856945371027929E-002
6.2314485198506783E+005   4.7999787118944424E+000   2.8458493498256101E+000   4.4217116949485096E+000   1.0217843719789949E-001
5.9219940545602876E+005   4.9999775904182258E+000   2.8982257832688605E+000   4.4309452985040387E+000   1.0989944680846586E-001
5.3650621283211862E+005   5.1999767161639543E+000   2.9546980771663516E+000   4.4408332680756786E+000   1.1835965461393151E-001
5.0257803857415350E+005   5.3999756941969661E+000   3.0051489653583237E+000   4.4493936043142623E+000   1.2646442623275134E-001
4.7485991380842793E+005   5.5999746409244979E+000   3.0531069979053949E+000   4.4573509198746128E+000   1.3452881138558487E-001
4.4981920156322629E+005   5.7999735803704526E+000   3.0996454811611160E+000   4.4649502282593758E+000   1.4259943624391899E-001
4.1515162037896889E+005   5.9999726703195666E+000   3.1468087095245734E+000   4.4727222100809305E+000   1.5063708678253876E-001
3.9055034649495949E+005   6.1999716646024030E+000   3.1908370630315512E+000   4.4797956913723258E+000   1.5850430095323836E-001
3.7905175400150503E+005   6.3999704875140644E+000   3.2316425641305750E+000   4.4861048838800208E+000   1.6628866648735874E-001
3.4675223422868509E+005   6.5999696561210461E+000   3.2749353067648936E+000   4.4931399575814677E+000   1.7386489040162548E-001
3.3782865428210452E+005   6.7999684440890427E+000   3.3130309474327215E+000   4.4989159085467589E+000   1.8136080880495611E-001
3.1993012911826425E+005   6.9999673796798998E+000   3.3517861037033256E+000   4.5049476136643802E+000   1.8867497670501573E-001
3.0182110710044455E+005   7.1999663696455807E+000   3.3896125609577976E+000   4.5108307562986552E+000   1.9582192006370205E-001
2.7878162634217710E+005   7.3999654793068057E+000   3.4281081014910724E+000   4.5169375700169230E+000   2.0285606289380409E-001
2.7084779430176603E+005   7.5999641971510030E+000   3.4618389449959324E+000   4.5219535291041266E+000   2.0968956647182563E-001
2.5917802134370638E+005   7.7999629760498337E+000   3.4959699467475689E+000   4.5271238289296036E+000   2.1641446769669082E-001
2.4891815131845378E+005   7.9999613105371505E+000   3.5290114913674904E+000   4.5320910223833684E+000   2.2300085309912143E-001
1.9982364122493743E+005   8.9999354938954319E+000   3.6836221434022622E+000   4.5552976109549483E+000   2.5389300197334730E-001
1.7278918741411340E+005   9.9997883065619977E+000   3.8178600131967571E+000   4.5749540531839319E+000   2.8169905241262805E-001
1.5164471377258084E+005   1.0999727084028311E+001   3.9379442518506709E+000   4.5923622543318379E+000   3.0692476944377339E-001
1.2819647170733035E+005   1.1999656215845956E+001   4.0480529267460099E+000   4.6084227540620066E+000   3.2985810743110455E-001
1.1645344492204755E+005   1.2999574350889461E+001   4.1456946654853741E+000   4.6223330576119199E+000   3.5085836970095974E-001
1.0344555944522716E+005   1.3999481440016238E+001   4.2361612581741106E+000   4.6352696279898140E+000   3.7021852528954113E-001
9.4980651944051700E+004   1.4999377073286905E+001   4.3184479438239407E+000   4.6468897843185442E+000   3.8812155545699578E-001
8.5440046654829479E+004   1.5999266134439010E+001   4.3955523279545758E+000   4.6578261234216356E+000   4.0480106931612969E-001
8.1082925018926282E+004   1.6999144097078062E+001   4.4652692151555229E+000   4.6675171762513790E+000   4.2027740725711732E-001
7.4573511702786840E+004   1.7999012522595578E+001   4.5315785456901052E+000   4.6768020858248551E+000   4.3486225337745515E-001
6.9184269297846578E+004   1.8998871781649452E+001   4.5934836364607516E+000   4.6854237764878839E+000   4.4857141743672257E-001
6.6440123353142000E+004   1.9998719135700952E+001   4.6503792511790270E+000   4.6932466943456923E+000   4.6137338908024239E-001
5.7232806270019428E+004   2.1998388358528114E+001   4.7574124748021456E+000   4.7080039261738618E+000   4.8537553723546256E-001
5.1994837316021709E+004   2.3998014580975649E+001   4.8514001807108498E+000   4.7207513766320552E+000   5.0687448927342804E-001
4.9439178165218567E+004   2.5997597405464870E+001   4.9345353535050336E+000   4.7318513334295353E+000   5.2624216207556096E-001
4.5743958674415051E+004   2.7997141391449937E+001   5.0113496285599686E+000   4.7420360846948730E+000   5.4427979707235108E-001
4.1984729180222959E+004   2.9996646338153042E+001   5.0821045371975293E+000   4.7513156860273122E+000   5.6109804872625335E-001
3.9813667275742584E+004   3.1996269200416883E+001   5.1461319357166255E+000   4.7595841312910636E+000   5.7657485745829784E-001
3.8433307790147672E+004   3.3995884451026150E+001   5.2049649731317640E+000   4.7670834807784068E+000   5.9099267719118154E-001
3.6995382841628169E+004   3.5995553449047364E+001   5.2598862136383833E+000   4.7740033754234572E+000   6.0461350815439230E-001
3.5141117426736200E+004   3.7995299222959467E+001   5.3115615869302237E+000   4.7804374480613889E+000   6.1758304952444798E-001
3.2584381141077869E+004   3.9995052198138794E+001   5.3610569404713972E+000   4.7865022344934092E+000   6.3020115343099470E-001
2.9465085132247877E+004   4.4994695020561515E+001   5.4694561728551880E+000   4.7994836007790171E+000   6.5843803705167259E-001
2.8517803456195612E+004   4.9994633309695267E+001   5.5606901313537449E+000   4.8101743143003830E+000   6.8267358925821875E-001
2.6956372702397726E+004   5.4994941914470054E+001   5.6420318446911502E+000   4.8193969195106670E+000   7.0489923550635580E-001
2.4370096932269618E+004   5.9995100999938195E+001   5.7157849132160008E+000   4.8274486868308042E+000   7.2567223512850543E-001
2.2910047854033324E+004   6.4995996541633147E+001   5.7814264087189535E+000   4.8344161164620045E+000   7.4455812361758100E-001
2.2741425801115187E+004   6.9996566596673574E+001   5.8395980900232978E+000   4.8405037760660052E+000   7.6146864506175194E-001
2.2227527092819211E+004   7.4996894489542839E+001   5.8934574793581085E+000   4.8459409974007963E+000   7.7752389705957525E-001
2.0367651885092153E+004   7.9997774161989355E+001   5.9439457527366448E+000   4.8508323286190533E+000   7.9298537131233038E-001
1.9567748310358798E+004   8.4998430095130445E+001   5.9898552533689404E+000   4.8552182293235182E+000   8.0716832021954721E-001
1.8542820341037830E+004   8.9998335817217864E+001   6.0328383311225613E+000   4.8591764340905605E+000   8.2074344956227274E-001
1.8373887299301849E+004   9.4998242401193522E+001   6.0722646231594846E+000   4.8627865069389298E+000   8.3323644988399537E-001
1.7346593050628915E+004   9.9998217187056909E+001   6.1099290258150276E+000   4.8660784391844052E+000   8.4548478672081773E-001
1.7896399586754385E+004   1.0499814012675074E+002   6.1444779059335870E+000   4.8691168692400213E+000   8.5668236666886577E-001
1.6326731150059213E+004   1.0999813539310183E+002   6.1780573082560784E+000   4.8719008850868022E+000   8.6790403613654787E-001
1.6544343613525525E+004   1.1499797140934849E+002   6.2090178631793291E+000   4.8744941911309958E+000   8.7819770150978527E-001
1.5190489757646463E+004   1.1999790247071279E+002   6.2390798464336887E+000   4.8768699383798948E+000   8.8847719863916874E-001
1.4568602212987145E+004   1.2499779254756037E+002   6.2675144846508735E+000   4.8790830406243577E+000   8.9826831325883483E-001
1.5270532037358962E+004   1.2999760283675579E+002   6.2936999786874850E+000   4.8811954477363404E+000   9.0713624605317633E-001
1.4814870368943772E+004   1.3499750146160241E+002   6.3193325669475060E+000   4.8831398788386453E+000   9.1606367797857724E-001
1.3227047573057174E+004   1.3999750344382966E+002   6.3446389885575858E+000   4.8849274058141763E+000   9.2514183483255374E-001
1.2530129939261602E+004   1.4499746422387381E+002   6.3684827478109227E+000   4.8866060409866190E+000   9.3370644411433790E-001
1.3392352110189737E+004   1.4999733386712973E+002   6.3897012610530242E+000   4.8882722318301877E+000   9.4098331904825039E-001
1.2263093349511086E+004   1.7499705011239973E+002   6.4895272961937271E+000   4.8950660933453030E+000   9.7730861358837240E-001
1.1643191653842514E+004   1.9999666962341877E+002   6.5736879811027604E+000   4.9003678025866311E+000   1.0087855375602308E+000
1.1398883944269617E+004   2.2499608960133992E+002   6.6461762796951005E+000   4.9046094389967072E+000   1.0365464140362501E+000
1.1434203991646937E+004   2.4999559961282756E+002   6.7096801062757914E+000   4.9081137119705245E+000   1.0612897813789595E+000
1.1441533075414451E+004   2.7499506324877564E+002   6.7661492419672093E+000   4.9110496992150363E+000   1.0836523747356464E+000
1.1144695284193862E+004   2.9999454155745309E+002   6.8169572116165913E+000   4.9135348602883209E+000   1.1040860374137667E+000
