1.2252032765663037E+009   9.9999736484612980E-002   -2.7927670951566959E+000   3.5415494884036018E+000   -9.5680537220343820E-001
4.9830277162861180E+008   1.4999963739289260E-001   -2.2851964188966618E+000   3.5877906363555887E+000   -7.9550232997739445E-001
3.7281011485548633E+008   1.9999952956858549E-001   -2.0384954410757512E+000   3.6011320881048081E+000   -6.9883474456537731E-001
3.1346691746643269E+008   2.4999942192876301E-001   -1.8729817815219296E+000   3.6063512017392365E+000   -6.2651614205732375E-001
2.6604896682097617E+008   2.9999931837727956E-001   -1.7398223270832065E+000   3.6109193641387884E+000   -5.6907273963706717E-001
2.3584254831180570E+008   3.0999931196706260E-001   -1.7134203241613803E+000   3.6125648909134465E+000   -5.5916279172546968E-001
2.2972402178499520E+008   3.1999928993875315E-001   -1.6877337809091175E+000   3.6142123068609395E+000   -5.4961435199432374E-001
2.2486107321173704E+008   3.2999926670148638E-001   -1.6625957475776718E+000   3.6158709467592876E+000   -5.4036261512529704E-001
1.6492721041923648E+008   3.3999928620741421E-001   -1.6335263990631683E+000   3.6175678112716114E+000   -5.2922166989269293E-001
1.5975073246175066E+008   3.4999926417357868E-001   -1.6068988069650796E+000   3.6194945289852649E+000   -5.1976130927095565E-001
1.4475288415123916E+008   3.5999925216183815E-001   -1.5788386058911072E+000   3.6214982156988968E+000   -5.0973858216123402E-001
1.4108348138534972E+008   3.6999922906973537E-001   -1.5505816378184607E+000   3.6236812958460192E+000   -4.9997625841915455E-001
1.4015555104087487E+008   3.7999920244514873E-001   -1.5215600447779822E+000   3.6259870612575442E+000   -4.9007699272196442E-001
1.3254649162966098E+008   3.8999918242449372E-001   -1.4908579452771300E+000   3.6285852159982723E+000   -4.7992225245299636E-001
1.3212627741876926E+008   3.9999915410861353E-001   -1.4605876970668550E+000   3.6311890713161423E+000   -4.6999483898359928E-001
1.1494124304217485E+008   4.4999902100535671E-001   -1.3001181321429809E+000   3.6464678750188870E+000   -4.2031766392715209E-001
9.0800189677647948E+007   4.9999889194086644E-001   -1.1311520806512090E+000   3.6654089577913638E+000   -3.7371680372621852E-001
6.6800187036661610E+007   5.4999877443217837E-001   -9.5612809549436639E-001   3.6894124985716079E+000   -3.3421189270828477E-001
5.3189898770643353E+007   5.9999863716545332E-001   -7.9028492858863320E-001   3.7137233917871364E+000   -2.9991209568647614E-001
4.2251362624971971E+007   6.4999850013717531E-001   -6.2947286283740167E-001   3.7385160653625249E+000   -2.6909140996163655E-001
3.5175790543141976E+007   6.9999834655869031E-001   -4.8035535143275060E-001   3.7609174266790060E+000   -2.3933537689227330E-001
2.9837746813051131E+007   7.4999818179863276E-001   -3.3903509221272243E-001   3.7812648996937508E+000   -2.0937019331174944E-001
2.6408263543075826E+007   7.9999798975894132E-001   -2.0574625814694211E-001   3.7995774278638681E+000   -1.7935083261909376E-001
2.3515185615693811E+007   8.4999778368827295E-001   -8.1343875717771588E-002   3.8162246700157909E+000   -1.5044412570835305E-001
2.2100201414047446E+007   8.9999752654971876E-001   3.2723953365343471E-002   3.8313997089334353E+000   -1.2376028900208488E-001
2.0483395927509267E+007   9.1999746105976399E-001   7.6613475430046915E-002   3.8373699352312678E+000   -1.1375598056539890E-001
2.0064420583876144E+007   9.3999734912231037E-001   1.1877688512787854E-001   3.8431354711468555E+000   -1.0420534754765830E-001
2.0412032947335970E+007   9.5999719825645635E-001   1.6104740466205711E-001   3.8489497153854622E+000   -9.4698576257781497E-002
1.7158319126458187E+007   9.7999722751627383E-001   2.0083648537980445E-001   3.8547345852754882E+000   -8.6373775678960332E-002
1.6430647002790820E+007   9.9999713574882443E-001   2.4039549256095838E-001   3.8606731654199700E+000   -7.8471432377346662E-002
1.5658974265886480E+007   1.0199970494704513E+000   2.7921709141072887E-001   3.8667258529920052E+000   -7.1166008096532021E-002
1.5406812659987953E+007   1.0399969308416195E+000   3.1686459331595040E-001   3.8728062598823811E+000   -6.4503070924673556E-002
1.4585586415464919E+007   1.0599968530046451E+000   3.5407188931722394E-001   3.8791900310027168E+000   -5.8666965164708061E-002
1.4460348845983921E+007   1.0799967252478571E+000   3.9000178190861212E-001   3.8857518804263047E+000   -5.3825717716190193E-002
1.3429672929252559E+007   1.0999966735409215E+000   4.2591618916381019E-001   3.8929911718208414E+000   -5.0347096877664220E-002
1.3318593630115295E+007   1.1199965456459537E+000   4.6001973962422599E-001   3.9002135124419799E+000   -4.7740002889733679E-002
1.2584793899566703E+007   1.1399964776519798E+000   4.9411412834826740E-001   3.9077603171188975E+000   -4.5786417881547858E-002
1.2394307961002121E+007   1.1599963582362418E+000   5.2674037185371192E-001   3.9150615706510874E+000   -4.4075803193204560E-002
1.1864752040212195E+007   1.1799962755547047E+000   5.5915886520361890E-001   3.9223439419049311E+000   -4.2431299025938361E-002
1.1919585529382311E+007   1.1999961277455184E+000   5.9017632201552195E-001   3.9293072353315597E+000   -4.0849157473244621E-002
1.1425873885618960E+007   1.2199960442389965E+000   6.2108373876805301E-001   3.9362632070124932E+000   -3.9307392458846034E-002
1.1093648081847003E+007   1.2399959430983123E+000   6.5122099325165039E-001   3.9430402714562800E+000   -3.7792894104621035E-002
1.0810202325589959E+007   1.2599958368917648E+000   6.8078721649121454E-001   3.9496921410862385E+000   -3.6313521744755765E-002
1.0274247355329514E+007   1.2799957693526511E+000   7.0991453074131616E-001   3.9562490652677353E+000   -3.4863712982698788E-002
1.0144361110673388E+007   1.2999956432806035E+000   7.3814363774652780E-001   3.9625718048339578E+000   -3.3394638612538004E-002
9.3099741886806693E+006   1.3199956328903255E+000   7.6682830681567626E-001   3.9690268921686935E+000   -3.1962478747435775E-002
9.4689502716710959E+006   1.3399954613174407E+000   7.9334126943025352E-001   3.9749543268633376E+000   -3.0560866829433594E-002
8.7665459671415873E+006   1.3599954406352508E+000   8.2084387139419690E-001   3.9811257791240298E+000   -2.9152470368847615E-002
8.7311818432586491E+006   1.3799953024435627E+000   8.4662249220901187E-001   3.9868801427608225E+000   -2.7771887235025213E-002
8.6227975281992909E+006   1.3999951772798347E+000   8.7228767932368334E-001   3.9925932062429501E+000   -2.6365420641945417E-002
7.9727494259952558E+006   1.4199951647580362E+000   8.9842900305600115E-001   3.9984456316624222E+000   -2.4999609614730016E-002
7.7975411763877142E+006   1.4399950581385619E+000   9.2317300357216503E-001   4.0039518534507659E+000   -2.3640052933335935E-002
7.7879024263199503E+006   1.4599949141093014E+000   9.4711188243108968E-001   4.0092514689939476E+000   -2.2269844590235482E-002
7.4942529099291274E+006   1.4799948364818900E+000   9.7128509691559062E-001   4.0146241631677686E+000   -2.0928625695628613E-002
7.3610707530695377E+006   1.4999947220074481E+000   9.9483124379404042E-001   4.0198322110677305E+000   -1.9571648056326576E-002
6.9852874724137280E+006   1.5199946719358828E+000   1.0184684800946715E+000   4.0250837731809668E+000   -1.8256154132483420E-002
6.8981016762364283E+006   1.5399945486946609E+000   1.0410652548741175E+000   4.0300629201373850E+000   -1.6916060655598305E-002
6.5095472811728399E+006   1.5599945113516895E+000   1.0642058582509581E+000   4.0351916352421862E+000   -1.5603189176779247E-002
6.4176168827749221E+006   1.5799943926306530E+000   1.0860657357781558E+000   4.0400057305553263E+000   -1.4301441039461451E-002
6.3303676666717157E+006   1.5999942724568963E+000   1.1076442082974529E+000   4.0447424012215736E+000   -1.2985546112307646E-002
6.0678940402017534E+006   1.6199942085602186E+000   1.1294333992310532E+000   4.0495551104431762E+000   -1.1716369088711983E-002
5.8358145192609755E+006   1.6399941394772188E+000   1.1509058450304794E+000   4.0542786414478797E+000   -1.0427208198406649E-002
5.7671965451119747E+006   1.6599940171177039E+000   1.1714257924464728E+000   4.0587744442050360E+000   -9.1588400047220141E-003
5.5595806424232507E+006   1.6799939449003236E+000   1.1922188207069480E+000   4.0633402651528057E+000   -7.8939677700239092E-003
5.4417531976543665E+006   1.6999938424203380E+000   1.2123522397601998E+000   4.0677454726341482E+000   -6.6376732060831369E-003
5.2528877325072885E+006   1.7199937696737586E+000   1.2326025352288155E+000   4.0721865508461397E+000   -5.3946818957583235E-003
5.1268327591034807E+006   1.7399936744007161E+000   1.2522628416964159E+000   4.0764784338561375E+000   -4.1482946819528842E-003
5.1230792635075897E+006   1.7599935288640340E+000   1.2711473638988628E+000   4.0805733887459965E+000   -2.8959433604473167E-003
4.8481271605938878E+006   1.7799935008186083E+000   1.2910897751757329E+000   4.0849642201059524E+000   -1.7064004419236963E-003
4.8266374301826656E+006   1.7999933643239518E+000   1.3094229622630662E+000   4.0889390250906885E+000   -4.8941686773159860E-004
4.6627742272643652E+006   1.8199932931516372E+000   1.3283488311837814E+000   4.0930781431827041E+000   6.9528140859597060E-004
4.4306326330934148E+006   1.8399932593104789E+000   1.3478325055981573E+000   4.0973413509444487E+000   1.9107030922947343E-003
4.3817905001211790E+006   1.8599931389716338E+000   1.3654917633989603E+000   4.1011811937683920E+000   3.0606463448100778E-003
4.4213108062074091E+006   1.8799929727403701E+000   1.3825300890228720E+000   4.1048479760914400E+000   4.2462445106690302E-003
4.1488909535737522E+006   1.8999929709183254E+000   1.4014795151317954E+000   4.1090072879590753E+000   5.4023338298604638E-003
4.2202805068996139E+006   1.9199927860444319E+000   1.4177507612190288E+000   4.1125005086106663E+000   6.5515155702948330E-003
4.0665341975450180E+006   1.9399927261660752E+000   1.4353509981908932E+000   4.1163360521716355E+000   7.6805469342903681E-003
4.0027586605254402E+006   1.9599926166555339E+000   1.4523645330044224E+000   4.1200262321896375E+000   8.8069543050501714E-003
3.9066119511114387E+006   1.9799925277403956E+000   1.4692327613045342E+000   4.1236799475513548E+000   9.9336377316722006E-003
3.8567386978597650E+006   1.9999924118233274E+000   1.4857400955511519E+000   4.1272433889623441E+000   1.1060422033001727E-002
3.7575799699366530E+006   2.0199923287102211E+000   1.5023122253770931E+000   4.1308290020857985E+000   1.2175260699062202E-002
3.6903655834011589E+006   2.0399922261125898E+000   1.5185189797948877E+000   4.1343261707000929E+000   1.3284300679370665E-002
3.5614179393268698E+006   2.0599921677010102E+000   1.5349818478696731E+000   4.1379015099158147E+000   1.4365056285321106E-002
3.5377501523161004E+006   2.0799920373148195E+000   1.5504769008700869E+000   4.1412100653422748E+000   1.5495471932607901E-002
3.4199333043706389E+006   2.0999919765436412E+000   1.5665365274777459E+000   4.1446881612470587E+000   1.6569093426868339E-002
3.3095161871584659E+006   2.1199919127248350E+000   1.5825719788143318E+000   4.1481582211379235E+000   1.7646699313432150E-002
3.2170745868894979E+006   2.1399918386494066E+000   1.5983404083011699E+000   4.1515540586150337E+000   1.8739239102631700E-002
3.2619194694654522E+006   2.1599916578926073E+000   1.6121685236884113E+000   4.1544508967586369E+000   1.9859620509046643E-002
3.0849426349538108E+006   2.1799916557445318E+000   1.6286470431122255E+000   4.1580418853037617E+000   2.0916903130702890E-002
3.0039277236383669E+006   2.1999915791212481E+000   1.6439325255421027E+000   4.1613141516837340E+000   2.2015111585696905E-002
3.0600706451853840E+006   2.2199913864769938E+000   1.6567276932849229E+000   4.1639666875517216E+000   2.3107623721130715E-002
2.9133103204741310E+006   2.2399913703099679E+000   1.6725663307556256E+000   4.1673971794431690E+000   2.4165958673586944E-002
2.8951738278742954E+006   2.2599912427076756E+000   1.6862213763520153E+000   4.1702666142664055E+000   2.5254611825308852E-002
2.7868418580384711E+006   2.2799911994839821E+000   1.7014599486645636E+000   4.1735240748457576E+000   2.6358976822880124E-002
2.7192344196620253E+006   2.2999911200114456E+000   1.7159032706414001E+000   4.1765759002235807E+000   2.7476987055652210E-002
2.7371580804237784E+006   2.3199909588731664E+000   1.7281477456145884E+000   4.1790955058083394E+000   2.8560013372727178E-002
2.6798618248778195E+006   2.3399908720310481E+000   1.7419478816923015E+000   4.1819932812716392E+000   2.9664530484985491E-002
2.6350151924946462E+006   2.3599907739947219E+000   1.7553545416680763E+000   4.1847795250332087E+000   3.0795372949732783E-002
2.5238101765053016E+006   2.3799907479333156E+000   1.7704046285414321E+000   4.1879821721216421E+000   3.1915122209545184E-002
2.4786630948543712E+006   2.3999906543472584E+000   1.7836237426296246E+000   4.1907194108761328E+000   3.3050201744659211E-002
2.5051373804125828E+006   2.4199904824844038E+000   1.7947803671481286E+000   4.1929184429675743E+000   3.4230449821028554E-002
2.4428634817782464E+006   2.4399904087152446E+000   1.8080652667951855E+000   4.1956718868167453E+000   3.5366011946215012E-002
2.3849458113806914E+006   2.4599903323498995E+000   1.8212536119028500E+000   4.1983925817957033E+000   3.6518794542132131E-002
2.3035610056017283E+006   2.4799902872358115E+000   1.8352393684625701E+000   4.2013051653229248E+000   3.7686505767549415E-002
2.2780874342517480E+006   2.4999901768282040E+000   1.8471765679153580E+000   4.2036968668792900E+000   3.8871702381213284E-002
2.2183322141128569E+006   2.5199901099683339E+000   1.8603749116559640E+000   4.2063932182986967E+000   4.0078171412702195E-002
2.2067877306973878E+006   2.5399899838760263E+000   1.8715056659779881E+000   4.2085649231076250E+000   4.1300138955857248E-002
2.1642514439706183E+006   2.5599898974306119E+000   1.8837724485810927E+000   4.2110206115211106E+000   4.2522153430438685E-002
2.1145308428156385E+006   2.5799898236889560E+000   1.8962871045792062E+000   4.2135384668482461E+000   4.3743770775224428E-002
2.0478359946236731E+006   2.5999897745745586E+000   1.9098383964201759E+000   4.2162956209725904E+000   4.5005108447020534E-002
2.0410102829381875E+006   2.6199896422814195E+000   1.9200349368378882E+000   4.2182212884125594E+000   4.6252043775939285E-002
2.0285375969385656E+006   2.6399895188840734E+000   1.9306489956205333E+000   4.2202128134737205E+000   4.7576023044939360E-002
1.9714693392131364E+006   2.6599894628378702E+000   1.9432578546554993E+000   4.2227494172283082E+000   4.8807245053246615E-002
1.9086729528855870E+006   2.6799894168381702E+000   1.9565501814025434E+000   4.2254279413346278E+000   5.0096360214129748E-002
1.9118014455930693E+006   2.6999892717698906E+000   1.9656693461777586E+000   4.2270430394168574E+000   5.1425746437277362E-002
1.8561210131000360E+006   2.7199892196836433E+000   1.9783311280674032E+000   4.2295710357389078E+000   5.2700644737999576E-002
1.8447855849856960E+006   2.7399890988253452E+000   1.9881675443582256E+000   4.2313515225769773E+000   5.4057879207273091E-002
1.7720576846313132E+006   2.7599890783220520E+000   2.0024042523705687E+000   4.2342510624178225E+000   5.5377153531753494E-002
1.7360111769496093E+006   2.7799890010072050E+000   2.0140155061211313E+000   4.2364771423075389E+000   5.6730620627600425E-002
1.7473179521098305E+006   2.7999888430392623E+000   2.0214113307606043E+000   4.2376591186026022E+000   5.8064580357211772E-002
1.4671199828296122E+006   2.9999880029244976E+000   2.1271398218930453E+000   4.2571583669184845E+000   7.1930329291667053E-002
1.2702113158995567E+006   3.1999870875269409E+000   2.2213851580674238E+000   4.2735260102116275E+000   8.6317710792570862E-002
1.0981133495552719E+006   3.3999862060599164E+000   2.3118745238677341E+000   4.2889603665400271E+000   1.0069368103592638E-001
9.6370528296158998E+005   3.5999853015870271E+000   2.3958132223458275E+000   4.3028127950859956E+000   1.1495817318303737E-001
8.5320412721022684E+005   3.7999843926386743E+000   2.4747718533699756E+000   4.3155653835502497E+000   1.2893231176660211E-001
7.4763574803456990E+005   3.9999835462039584E+000   2.5544747622558770E+000   4.3286964316917862E+000   1.4252166992647949E-001
6.8682374035788432E+005   4.1999825431836069E+000   2.6191649838849247E+000   4.3382682116262350E+000   1.5572322087210705E-001
6.1908534673682286E+005   4.3999816342273892E+000   2.6868949555861947E+000   4.3488482993670043E+000   1.6842803124120248E-001
5.6417624678654352E+005   4.5999807001118143E+000   2.7501026562856441E+000   4.3584817002386815E+000   1.8076507984757170E-001
5.1114167979652958E+005   4.7999798119823973E+000   2.8129925420758890E+000   4.3682792383231517E+000   1.9261494657375436E-001
4.7340247951651312E+005   4.9999788465153463E+000   2.8687814797978239E+000   4.3764696335465434E+000   2.0412862498793885E-001
4.3772116650015442E+005   5.1999779025543251E+000   2.9236025055776085E+000   4.3846262564692760E+000   2.1522589203236608E-001
4.0660695976474835E+005   5.3999769512176865E+000   2.9759545264435774E+000   4.3923340279518444E+000   2.2598635950021340E-001
3.7255412698142452E+005   5.5999760808761936E+000   3.0299746308068256E+000   4.4007056619387086E+000   2.3625314370810852E-001
3.4600317367231526E+005   5.7999751639222925E+000   3.0798400952317735E+000   4.4081597232258387E+000   2.4627775334632315E-001
3.2041171147848538E+005   5.9999742789306518E+000   3.1298072233606327E+000   4.4157585523452623E+000   2.5606365917190477E-001
3.0701641060674191E+005   6.1999732248096233E+000   3.1691183187054497E+000   4.4209276905818022E+000   2.6538093037123500E-001
2.8298129962522542E+005   6.3999723865721734E+000   3.2179497267551027E+000   4.4285646840219801E+000   2.7452264751570454E-001
2.6616575428780151E+005   6.5999714530367228E+000   3.2605932248255871E+000   4.4347989600128974E+000   2.8337584456911191E-001
2.5782000959120892E+005   6.7999703485498273E+000   3.2950035997620031E+000   4.4391442246796480E+000   2.9189050270381850E-001
2.3951060618466444E+005   6.9999694914916173E+000   3.3387137366471418E+000   4.4459272254151019E+000   3.0017956967548126E-001
2.2846738241751082E+005   7.1999684746709196E+000   3.3753326627483031E+000   4.4510579227261831E+000   3.0822763810389781E-001
2.1668031501364510E+005   7.3999674740555452E+000   3.4127165258216907E+000   4.4564752333631699E+000   3.1608494836661893E-001
2.0784750990882312E+005   7.5999664298535325E+000   3.4468444715110067E+000   4.4611928362592321E+000   3.2371371541915267E-001
1.9473830969759217E+005   7.7999654584852829E+000   3.4859159465743121E+000   4.4672061987988316E+000   3.3122272787160745E-001
1.9000273777818176E+005   7.9999641278857707E+000   3.5147275319182927E+000   4.4708266766368414E+000   3.3838756486757776E-001
1.5219329104396980E+005   8.9999439977610880E+000   3.6729185233036170E+000   4.4936162700232813E+000   3.7190387378735951E-001
1.2878116856580458E+005   9.9997817812821221E+000   3.8080850313532593E+000   4.5125833186832089E+000   4.0155303049232405E-001
1.0982970695342228E+005   1.0999718142962790E+001   3.9306107595457029E+000   4.5299018302759197E+000   4.2817887140312505E-001
9.5087748990571214E+004   1.1999643963263237E+001   4.0414423048065942E+000   4.5455651242511586E+000   4.5226805608309484E-001
8.6769799827792565E+004   1.2999558237137380E+001   4.1362971258539929E+000   4.5583290475116334E+000   4.7416762008584279E-001
7.7494557014998238E+004   1.3999460838518313E+001   4.2275051930341965E+000   4.5711016859548446E+000   4.9422637678952402E-001
7.0305493413755758E+004   1.4999351009429585E+001   4.3105505246382751E+000   4.5826236844816339E+000   5.1270504553798379E-001
6.4052539667199293E+004   1.5999233031085364E+001   4.3876706854499847E+000   4.5933309674124843E+000   5.2985056008213738E-001
6.0131413490232400E+004   1.6999102236090256E+001   4.4572467268563551E+000   4.6026986348852876E+000   5.4590324583971539E-001
5.4905053971555528E+004   1.7998961029830546E+001   4.5248668905282177E+000   4.6121640795404959E+000   5.6078243836523067E-001
5.0920512559999246E+004   1.8998809406129517E+001   4.5873777752193101E+000   4.6207730659918687E+000   5.7481990780803127E-001
4.8367388934553768E+004   1.9998643591281851E+001   4.6442377153785932E+000   4.6283799414731028E+000   5.8803612692520413E-001
4.4050659445915218E+004   2.1998278242555639E+001   4.7486569615562990E+000   4.6423205051362233E+000   6.1236462268781611E-001
3.8902879974243697E+004   2.3997870884978148E+001   4.8447963370569589E+000   4.6554100343526796E+000   6.3425525200523469E-001
3.6023185573945571E+004   2.5997410632010929E+001   4.9288999142648064E+000   4.6664577438086594E+000   6.5421162169719926E-001
3.3404705425876164E+004   2.7996904438166087E+001   5.0056922980372436E+000   4.6764958070855629E+000   6.7253168702960986E-001
3.0971253793713920E+004   2.9996350362372027E+001   5.0763266374382683E+000   4.6856759449977758E+000   6.8948858090569565E-001
2.9253261538955034E+004   3.1995888685829836E+001   5.1403863107313761E+000   4.6938255630012353E+000   7.0521918154533103E-001
2.8747383279782025E+004   3.3995400285616441E+001   5.1982069251156950E+000   4.7008893509276142E+000   7.2000191288473292E-001
2.6600430117065484E+004   3.5994979336116629E+001   5.2547588316915990E+000   4.7081039797778663E+000   7.3384860847218081E-001
2.6655674754905183E+004   3.7994599053420465E+001   5.3044848655997709E+000   4.7139862286903087E+000   7.4694712760138160E-001
2.5489085811634588E+004   3.9994244978141509E+001   5.3527221272542409E+000   4.7198767960166279E+000   7.5928462377597861E-001
2.3446860201993652E+004   4.4993643026806268E+001   5.4603814280571381E+000   4.7326509633119933E+000   7.8756593958669607E-001
2.2236034639498106E+004   4.9993351860831218E+001   5.5530689691893533E+000   4.7432143507583557E+000   8.1278293526007772E-001
1.8919092980590729E+004   5.4993542810016969E+001   5.6371841348741976E+000   4.7529344401311997E+000   8.3540033935681390E-001
1.7594886705261579E+004   5.9993503686624202E+001   5.7100322835205874E+000   4.7607986184886242E+000   8.5609605696515878E-001
1.7793704802577588E+004   6.4994098417745349E+001   5.7737625545653408E+000   4.7672226291224051E+000   8.7511317121997390E-001
1.5719360914204211E+004   6.9994845353984687E+001   5.8344972451135586E+000   4.7736448904980984E+000   8.9263599374269709E-001
1.4635664675254273E+004   7.4995170914774761E+001   5.8891370544714139E+000   4.7791370068518670E+000   9.0897166571408572E-001
1.4413306048932342E+004   7.9996037816686567E+001   5.9380501523954283E+000   4.7836828678038215E+000   9.2433649277218555E-001
1.3907655662428482E+004   8.4996663098648995E+001   5.9838699284852463E+000   4.7879024779545061E+000   9.3880716051572388E-001
1.3367603755608092E+004   8.9996470645833625E+001   6.0266743395006088E+000   4.7917889269977270E+000   9.5243646793696402E-001
1.2369515914469917E+004   9.4996364383180691E+001   6.0671775704513937E+000   4.7954870894775015E+000   9.6529175845280712E-001
1.1360601747713039E+004   9.9996338889947324E+001   6.1055116357128014E+000   4.7989392668255704E+000   9.7755443638737360E-001
1.1015756561972607E+004   1.0499628665959577E+002   6.1404246945655734E+000   4.8018324835060175E+000   9.8922453245286512E-001
1.0731720471265449E+004   1.0999619194107213E+002   6.1734230335102485E+000   4.8044949741161318E+000   1.0003987207049745E+000
1.0844476139254801E+004   1.1499579522567559E+002   6.2040314754674304E+000   4.8068318145775191E+000   1.0110292607607916E+000
1.0690135866042143E+004   1.1999545947451034E+002   6.2334784442766438E+000   4.8090787246611058E+000   1.0212589249982229E+000
9.8346564351944999E+003   1.2499532117346179E+002   6.2625513464843943E+000   4.8114578196698492E+000   1.0310371860846128E+000
9.8468168595496481E+003   1.2999495582399265E+002   6.2888518988840882E+000   4.8133495356168572E+000   1.0404040303904436E+000
9.7167314583002390E+003   1.3499464632450417E+002   6.3143744297777129E+000   4.8151831821301734E+000   1.0494980028106238E+000
9.6998085459334652E+003   1.3999431876765991E+002   6.3386883142914447E+000   4.8168902790595665E+000   1.0582407512087022E+000
9.1382130460177505E+003   1.4499424495191857E+002   6.3623462243152291E+000   4.8186110425371957E+000   1.0666281792653360E+000
8.5501045958902996E+003   1.4999430097190461E+002   6.3849140346750968E+000   4.8202300864229670E+000   1.0746739966737291E+000
6.6156306112367474E+003   1.7499434133173958E+002   6.4860018184850858E+000   4.8276923268288412E+000   1.1102934077669739E+000
6.2411501596240087E+003   1.9999360525591658E+002   6.5698405166535920E+000   4.8329614599244026E+000   1.1416744906601051E+000
6.1837606025077275E+003   2.2499240596794255E+002   6.6421606759922494E+000   4.8371903274587007E+000   1.1693768352608376E+000
5.9706205847077381E+003   2.4999154020592673E+002   6.7054666349087277E+000   4.8406159384188614E+000   1.1941785927987545E+000
5.4384381052380322E+003   2.7499093642231395E+002   6.7624629163546626E+000   4.8436770972912502E+000   1.2165544157769448E+000
5.3075748246219537E+003   2.9998992279823290E+002   6.8132202401966948E+000   4.8461290821936682E+000   1.2370291078931246E+000
