1.8869804778407123E+009   9.9999760034669705E-002   -3.1027646924944459E+000   3.4225672817067001E+000   -8.7383975747850962E-001
1.1233218303003654E+009   1.4999964696069781E-001   -2.6666919606477659E+000   3.4614508441208800E+000   -7.3357051638352910E-001
9.4278532122229981E+008   1.9999952756180903E-001   -2.4295186124263557E+000   3.4743948302564704E+000   -6.4087181454400444E-001
6.8865996718942857E+008   2.4999944150365830E-001   -2.2538552554560627E+000   3.4836306193053592E+000   -5.7151171415663637E-001
2.5420325691313860E+008   2.9999944176638998E-001   -2.0986665143686123E+000   3.4921191589990879E+000   -5.1089442300036747E-001
2.4495861849121600E+008   3.0999942132691127E-001   -2.0636234189619378E+000   3.4958151617690243E+000   -5.0076488083690562E-001
2.4637476069494256E+008   3.1999939702864083E-001   -2.0308355975617634E+000   3.4995953276339424E+000   -4.9193130186665124E-001
2.5430613373247844E+008   3.2999936993880502E-001   -2.0001437508204396E+000   3.5034295676016063E+000   -4.8425385843131769E-001
2.2399592153492099E+008   3.3999936004349340E-001   -1.9646401713723902E+000   3.5075113715224839E+000   -4.7466567654904923E-001
2.1519465954009840E+008   3.4999934001209237E-001   -1.9298995948477589E+000   3.5118409373088353E+000   -4.6595451985943565E-001
2.0811615029772681E+008   3.5999931889302883E-001   -1.8946318473742063E+000   3.5165462841562700E+000   -4.5773133981752956E-001
2.0040070175619644E+008   3.6999929810725374E-001   -1.8580840557418024E+000   3.5217502657326958E+000   -4.4986540715417866E-001
1.9934975368962106E+008   3.7999927337432160E-001   -1.8229001399871931E+000   3.5271813173670576E+000   -4.4313555254559700E-001
1.9302575281323397E+008   3.8999925176375794E-001   -1.7859343057271273E+000   3.5326964269064622E+000   -4.3568285449437455E-001
1.8702434855305070E+008   3.9999923055729114E-001   -1.7511968096283834E+000   3.5374252893940961E+000   -4.2777183142026975E-001
1.7953575639731789E+008   4.4999910952539590E-001   -1.6064958156134734E+000   3.5527348786882613E+000   -3.8604051300114528E-001
1.7250807576706621E+008   4.9999897979763785E-001   -1.4723292372090264E+000   3.5645207062879760E+000   -3.4252887899835160E-001
1.6182320274587512E+008   5.4999884238318542E-001   -1.3414496969516772E+000   3.5762832608487245E+000   -3.0061421799117338E-001
1.5156309886012441E+008   5.9999869204737954E-001   -1.2157772259270625E+000   3.5880080270233514E+000   -2.6122751482812073E-001
1.3101031692330047E+008   6.4999855709544696E-001   -1.0834821512138912E+000   3.6030970173404477E+000   -2.2525795810572727E-001
1.0832185077770780E+008   6.9999843733084444E-001   -9.4676017454106964E-001   3.6223536693937564E+000   -1.9541027387593418E-001
9.4861917799414709E+007   7.4999829103702187E-001   -8.1415206422448727E-001   3.6430377373242324E+000   -1.7047435457859414E-001
8.0521625263279200E+007   7.9999816034702920E-001   -6.8400861754513154E-001   3.6642766219660956E+000   -1.4788040052264317E-001
7.2704284561019763E+007   8.4999799050663472E-001   -5.6252370421074716E-001   3.6837541869800914E+000   -1.2609307388344221E-001
6.5057132962070227E+007   8.9999782095850711E-001   -4.4853188795237914E-001   3.7012679646401216E+000   -1.0412472107431922E-001
6.3140967268844537E+007   9.1999773947804309E-001   -4.0579205201385754E-001   3.7075262395355999E+000   -9.5271352896014669E-002
5.9712531954830967E+007   9.3999767954061952E-001   -3.6369197942509945E-001   3.7135821467316896E+000   -8.6333130993815732E-002
5.6646414323718242E+007   9.5999761728170574E-001   -3.2285389618293919E-001   3.7192811339206555E+000   -7.7312063750667709E-002
5.4526537709212661E+007   9.7999754070386269E-001   -2.8368878474200132E-001   3.7245449238691903E+000   -6.8257087927266966E-002
5.1843100865081646E+007   9.9999747612388967E-001   -2.4526564073158608E-001   3.7295642572677439E+000   -5.9084182719166024E-002
4.9960217140430473E+007   1.0199973972621728E+000   -2.0805235264394051E-001   3.7342477538476189E+000   -4.9844531835094179E-002
4.7332861407523476E+007   1.0399973367604685E+000   -1.7137583690468680E-001   3.7387669587920649E+000   -4.0544683854358651E-002
4.4228995905787334E+007   1.0599972925808339E+000   -1.3532265955093650E-001   3.7431346195930684E+000   -3.1253416779490804E-002
4.2490478907692842E+007   1.0799972176266401E+000   -1.0064215273249730E-001   3.7470923649742423E+000   -2.1828654132619085E-002
3.9128188864889421E+007   1.0999971936626474E+000   -6.5405397313922711E-002   3.7511966512902410E+000   -1.2418849055328978E-002
3.8073674367999233E+007   1.1199971040570169E+000   -3.3022755991137631E-002   3.7546077180034576E+000   -3.0496618203693406E-003
3.6093143392503418E+007   1.1399970467890215E+000   -2.4802362546386640E-004   3.7581098967388646E+000   6.3333468916520960E-003
3.4062672851732656E+007   1.1599969967353536E+000   3.2037990094734611E-002   3.7614898973299176E+000   1.5716352569646236E-002
3.2579374675406337E+007   1.1799969294822448E+000   6.3266809199410842E-002   3.7646109368547189E+000   2.5088683072381161E-002
3.1053921776599418E+007   1.1999968676950865E+000   9.4116137633908331E-002   3.7676536843868917E+000   3.4427852225283828E-002
2.9770585261709467E+007   1.2199967987131535E+000   1.2419140014624468E-001   3.7705345737184208E+000   4.3703704818394876E-002
2.8469461866298724E+007   1.2399967334146897E+000   1.5386465745373887E-001   3.7733491799042960E+000   5.2911121100391000E-002
2.6949421581242219E+007   1.2599966846192419E+000   1.8366739576526059E-001   3.7762218757733756E+000   6.2067098517993309E-002
2.6146581522939380E+007   1.2799965989810331E+000   2.1184050489106032E-001   3.7786982213235709E+000   7.1200961980502617E-002
2.4711874492897838E+007   1.2999965549711763E+000   2.4090491859673502E-001   3.7814842857154747E+000   8.0161040049531632E-002
2.4000150492379367E+007   1.3199964680485767E+000   2.6798525090240904E-001   3.7838165577371985E+000   8.9036662158921434E-002
2.2906395246633474E+007   1.3399964108718452E+000   2.9580520820437295E-001   3.7863842067355651E+000   9.7811342813170055E-002
2.2238683729324624E+007   1.3599963249107141E+000   3.2236775363530495E-001   3.7886552587465205E+000   1.0655051150672568E-001
2.1116499522046857E+007   1.3799962785736002E+000   3.5001572315424528E-001   3.7912566389159430E+000   1.1517173592735085E-001
2.0422805662495308E+007   1.3999962005163289E+000   3.7582890520149098E-001   3.7935043706350235E+000   1.2358286351281203E-001
1.9661478907979574E+007   1.4199961316986516E+000   4.0190434600412578E-001   3.7958274385248401E+000   1.3197444813449710E-001
1.8966249774490770E+007   1.4399960598045571E+000   4.2757297411883960E-001   3.7981133663558739E+000   1.4023690652978676E-001
1.8451939049592301E+007   1.4599959717164261E+000   4.5217138547772540E-001   3.8002077162287167E+000   1.4834741246354230E-001
1.7777044617898241E+007   1.4799959036329746E+000   4.7718305857064158E-001   3.8024874395724426E+000   1.5629380232254866E-001
1.7128758955350135E+007   1.4999958362778270E+000   5.0218440429146782E-001   3.8047882409623761E+000   1.6419287240309624E-001
1.6656686624054631E+007   1.5199957504023387E+000   5.2588752328963262E-001   3.8068812312040041E+000   1.7185845141892114E-001
1.6071253510613753E+007   1.5399956821465202E+000   5.5012903358541176E-001   3.8091471196892770E+000   1.7944742959626642E-001
1.5529820365677455E+007   1.5599956115064371E+000   5.7405365021109922E-001   3.8113861980261472E+000   1.8693158123537001E-001
1.5020003399142837E+007   1.5799955402690233E+000   5.9773521846040600E-001   3.8136462793937209E+000   1.9425220262487561E-001
1.4644374676783137E+007   1.5999954505819525E+000   6.1991015060220966E-001   3.8156682582090413E+000   2.0129571106513613E-001
1.4229560585750626E+007   1.6199953695662372E+000   6.4256651846914947E-001   3.8178240345958034E+000   2.0831234222508288E-001
1.3840708511964777E+007   1.6399952866443150E+000   6.6510763773585235E-001   3.8200238174208883E+000   2.1518333620826449E-001
1.3381238653750658E+007   1.6599952205767963E+000   6.8741042492242344E-001   3.8223168752601602E+000   2.2174861412300478E-001
1.3013244682923770E+007   1.6799951403043605E+000   7.0926642653828564E-001   3.8245488171488877E+000   2.2821273115348076E-001
1.2570540992429730E+007   1.6999950797706362E+000   7.3179341811254361E-001   3.8270390840855564E+000   2.3449569306727325E-001
1.2279433906439861E+007   1.7199949899534366E+000   7.5247970995016622E-001   3.8292319716057395E+000   2.4045306394571828E-001
1.1884968717767047E+007   1.7399949275652049E+000   7.7429884763384316E-001   3.8317677877930980E+000   2.4629100041283922E-001
1.1555316421604464E+007   1.7599948534545049E+000   7.9552105267994522E-001   3.8342873418158008E+000   2.5186299489048447E-001
1.4237632029931029E+007   1.7799938657584651E+000   9.3657569829495546E-001   3.8669558979453624E+000   2.5705320543886645E-001
1.3888179822631869E+007   1.7999937609415553E+000   9.6316842104129097E-001   3.8727666264226075E+000   2.5872810985754441E-001
1.3473892658708878E+007   1.8199936858737953E+000   9.8396646154395873E-001   3.8765921812065161E+000   2.6147602054106178E-001
1.3135420962463047E+007   1.8399935881934908E+000   1.0093538958655659E+000   3.8821168867489182E+000   2.6312032661706081E-001
1.2832646709578494E+007   1.8599934807988103E+000   1.0360104555578908E+000   3.8882254047835736E+000   2.6423157039391115E-001
1.2490531830591056E+007   1.8799933953271180E+000   1.0578089139281484E+000   3.8926125007065959E+000   2.6635660773299669E-001
1.2200012809134282E+007   1.8999932933724069E+000   1.0826693820386095E+000   3.8981770060218088E+000   2.6765783115780112E-001
1.1874795809492324E+007   1.9199932119870906E+000   1.1039634798117670E+000   3.9024415972228836E+000   2.6977569764222936E-001
1.1615847659080697E+007   1.9399931029585358E+000   1.1300498656082913E+000   3.9085886105529415E+000   2.7052486388037611E-001
1.1296375124565402E+007   1.9599930318568801E+000   1.1486638247448404E+000   3.9118780054196587E+000   2.7325305371521669E-001
1.1055962675167847E+007   1.9799929229630377E+000   1.1736924918000693E+000   3.9177678464283527E+000   2.7398770522544252E-001
1.0794758929702273E+007   1.9999928297291614E+000   1.1954794797181321E+000   3.9225067774960181E+000   2.7540333704914327E-001
1.0536081568148697E+007   2.0199927402917872E+000   1.2165122958107537E+000   3.9269515823914811E+000   2.7703013530452819E-001
1.0281195017988166E+007   2.0399926530812613E+000   1.2367108939240661E+000   3.9311032359110110E+000   2.7882612732212481E-001
1.0046989418221230E+007   2.0599925583477110E+000   1.2578968900501135E+000   3.9357995432482284E+000   2.8002651071071410E-001
9.8310378373377901E+006   2.0799924568983483E+000   1.2790718364484110E+000   3.9406069723090629E+000   2.8099912578819441E-001
9.5985223113880530E+006   2.0999923721756710E+000   1.2978738465146464E+000   3.9443670878690846E+000   2.8287989970126803E-001
9.3730429791688118E+006   2.1199922868153802E+000   1.3168017901133344E+000   3.9482130866361715E+000   2.8465187396643876E-001
9.1444743300551381E+006   2.1399922080907441E+000   1.3349852687717072E+000   3.9517717072046952E+000   2.8662637215857734E-001
8.9512638837684020E+006   2.1599921095443482E+000   1.3544721321840303E+000   3.9560961360487887E+000   2.8772094617655125E-001
8.7550323014765568E+006   2.1799920178270917E+000   1.3729900076070856E+000   3.9600703678910181E+000   2.8903142020362033E-001
8.5669187247879803E+006   2.1999919246905253E+000   1.3913228187145337E+000   3.9639826326523462E+000   2.9037329623468788E-001
8.3776605945739346E+006   2.2199918366898364E+000   1.4089845208934251E+000   3.9676178247118714E+000   2.9193376320508441E-001
8.2062969824766479E+006   2.2399917380111001E+000   1.4273249703723574E+000   3.9717890470622348E+000   2.9276154324382270E-001
8.0204769883710640E+006   2.2599916585040578E+000   1.4436285055136937E+000   3.9747877792050299E+000   2.9491584652890124E-001
7.8551761207136828E+006   2.2799915624088509E+000   1.4612718637622264E+000   3.9787271837594771E+000   2.9585871654427265E-001
7.7016205095781498E+006   2.2999914615755910E+000   1.4785639159803439E+000   3.9826712794891921E+000   2.9661655119390251E-001
7.5536978587050680E+006   2.3199913580803950E+000   1.4953908366606143E+000   3.9866351587439617E+000   2.9710225302449711E-001
7.3894190707065891E+006   2.3399912772493403E+000   1.5111216440418846E+000   3.9895638660359580E+000   2.9911024213113935E-001
7.2465294561232142E+006   2.3599911782483853E+000   1.5272622787538106E+000   3.9931638795282129E+000   2.9998053250259316E-001
7.1027794731827723E+006   2.3799910827213591E+000   1.5431309166016405E+000   3.9966641587025347E+000   3.0091429307786571E-001
6.9650576340093045E+006   2.3999909865924662E+000   1.5584586816647430E+000   4.0000169111408095E+000   3.0187267073286600E-001
6.8091097881095447E+006   2.4199909165515447E+000   1.5735859986110456E+000   4.0024548284449457E+000   3.0456049459774470E-001
6.6749302739447970E+006   2.4399908245363835E+000   1.5889905557090456E+000   4.0057100447252383E+000   3.0575234058616008E-001
6.5629337198374867E+006   2.4599907089934412E+000   1.6034481019585791E+000   4.0095422292236638E+000   3.0531674471407572E-001
6.4194990896998653E+006   2.4799906406363998E+000   1.6183511413196299E+000   4.0118497722976558E+000   3.0815317824661637E-001
6.2953303433851535E+006   2.4999905496978565E+000   1.6328147063069320E+000   4.0148290527470225E+000   3.0942639984153281E-001
6.1888152436683737E+006   2.5199904390656367E+000   1.6467367455547692E+000   4.0183233092339927E+000   3.0939890649151219E-001
6.0779526887046471E+006   2.5399903382102615E+000   1.6603560579606009E+000   4.0214463595590697E+000   3.0996246204427463E-001
5.9651536905720178E+006   2.5599902444100509E+000   1.6743414399626744E+000   4.0243354768813928E+000   3.1117691840066591E-001
5.8493756434119483E+006   2.5799901584959750E+000   1.6880113604997971E+000   4.0270306187964735E+000   3.1262159483906593E-001
5.7444919777183710E+006   2.5999900629959529E+000   1.7012314442761887E+000   4.0298521378054852E+000   3.1358859870923789E-001
5.6271384493379677E+006   2.6199899909728779E+000   1.7155682065377373E+000   4.0321459356068168E+000   3.1616938423734831E-001
5.5477094876202121E+006   2.6399898587191259E+000   1.7265190534769730E+000   4.0356425882206937E+000   3.1465150247921209E-001
5.4463207110601421E+006   2.6599897688140413E+000   1.7395367780934454E+000   4.0382155994426672E+000   3.1601434234350206E-001
5.3303774564550081E+006   2.6799897076155514E+000   1.7546218202988231E+000   4.0403774621707678E+000   3.1923313798998892E-001
5.2469670139461886E+006   2.6999895960632596E+000   1.7655921439418609E+000   4.0432228805001138E+000   3.1902746315281638E-001
5.1404226866522674E+006   2.7199895269812919E+000   1.7798280612707986E+000   4.0454448248770110E+000   3.2170153306349047E-001
5.0573300335571449E+006   2.7399894214761491E+000   1.7913558330942714E+000   4.0482028980417555E+000   3.2194927264573903E-001
4.9662713324439423E+006   2.7599893343512276E+000   1.8039761385003577E+000   4.0505969385836700E+000   3.2347134426495355E-001
4.8998964193103584E+006   2.7799892047417938E+000   1.8126051755814681E+000   4.0533663874916943E+000   3.2224696498945882E-001
4.8027335830197074E+006   2.7999891359594100E+000   1.8268782745060825E+000   4.0556683039845787E+000   3.2477968146599734E-001
4.0648150480793617E+006   2.9999882014584003E+000   1.9387644876340457E+000   4.0782166124729278E+000   3.3562617105328030E-001
3.4660988092713128E+006   3.1999872859674294E+000   2.0437829147247384E+000   4.0984069741158260E+000   3.4775466131283111E-001
2.9942567382562272E+006   3.3999863140967403E+000   2.1342223169114285E+000   4.1163716706156137E+000   3.5704496940660124E-001
2.5956425955889071E+006   3.5999853777221986E+000   2.2251055173556988E+000   4.1333380288976045E+000   3.6855385306475541E-001
2.2694147513121180E+006   3.7999844122224831E+000   2.3085338640111459E+000   4.1488184166161046E+000   3.7930725095547801E-001
1.9849466802788663E+006   3.9999835059095070E+000   2.3956508835445596E+000   4.1641598947735865E+000   3.9218280440722053E-001
1.7650606615325545E+006   4.1999824691137571E+000   2.4655539123665626E+000   4.1772447588285058E+000   4.0096459070838325E-001
1.5653383926729409E+006   4.3999815193216243E+000   2.5419394308338066E+000   4.1906931181877827E+000   4.1226063122345302E-001
1.4005251854053393E+006   4.5999805367361226E+000   2.6123097630081689E+000   4.2031746248466311E+000   4.2248278399293493E-001
1.2673442771718421E+006   4.7999794749899696E+000   2.6811100488043453E+000   4.2152414395726794E+000   4.3274929743892809E-001
1.1461637589266840E+006   4.9999784176916808E+000   2.7388082401177769E+000   4.2255546915110500E+000   4.4097188921890212E-001
1.0336767577927173E+006   5.1999773701365992E+000   2.7994274117274607E+000   4.2362304674961706E+000   4.4992992305350171E-001
9.3375040363413782E+005   5.3999764022140813E+000   2.8643820063988152E+000   4.2472849554577881E+000   4.6029824446594569E-001
8.4646953727754287E+005   5.5999754154197143E+000   2.9253245152316953E+000   4.2576653475315478E+000   4.7000871473486505E-001
7.7620267760669254E+005   5.7999743191146997E+000   2.9749363114686318E+000   4.2664982804598379E+000   4.7714874699675508E-001
7.1147833487819741E+005   5.9999732703670210E+000   3.0259839509927362E+000   4.2753791715720606E+000   4.8491078453435993E-001
6.5220326755526219E+005   6.1999722663795014E+000   3.0797293879311396E+000   4.2844777790039732E+000   4.9358628813973676E-001
6.0147259131922061E+005   6.3999712106709419E+000   3.1272850419158553E+000   4.2926878729519640E+000   5.0094392723611258E-001
5.5650961977496813E+005   6.5999701453339243E+000   3.1734908857740503E+000   4.3006177755428610E+000   5.0818704398341741E-001
5.1657904352904606E+005   6.7999690684756446E+000   3.2177319796752473E+000   4.3082278526194537E+000   5.1508743678082880E-001
4.8108645166824432E+005   6.9999679706488447E+000   3.2600149398134315E+000   4.3154962564011594E+000   5.2169210928651011E-001
4.4751936230227380E+005   7.1999669349953042E+000   3.3051894089688418E+000   4.3230143331812023E+000   5.2924319030412936E-001
4.1690907323747943E+005   7.3999659063832421E+000   3.3482498571064800E+000   4.3301728356420730E+000   5.3645640945120743E-001
3.9138493683987547E+005   7.5999647805687340E+000   3.3854527388688975E+000   4.3365796472437106E+000   5.4224422712914166E-001
3.6569699135582731E+005   7.7999637954153327E+000   3.4269265844313637E+000   4.3433542910188487E+000   5.4943186236009689E-001
3.4561201001439808E+005   7.9999626320260377E+000   3.4587628526357181E+000   4.3490432116728677E+000   5.5397215515423748E-001
2.6046466643711744E+005   8.9999554113146143E+000   3.6279431442125265E+000   4.3773493603499176E+000   5.8195000358854099E-001
1.9478806950072799E+005   9.9991782166694314E+000   3.7778790091265320E+000   4.4024164731240143E+000   6.0678371049735025E-001
1.5661679973939620E+005   1.0998901679555138E+001   3.9130839583033055E+000   4.4241220066326292E+000   6.3097511806850803E-001
1.3072130393177961E+005   1.1998532990373683E+001   4.0275011701803409E+000   4.4427691929218609E+000   6.5088935142856286E-001
1.1089399824991934E+005   1.2998121629946464E+001   4.1335451992232386E+000   4.4595115667034895E+000   6.7042661838675466E-001
9.5395058861736325E+004   1.3998333329324634E+001   4.2327122018154615E+000   4.4748351051185562E+000   6.8936304285273298E-001
8.4495827541187304E+004   1.4997964732438096E+001   4.3169813456911914E+000   4.4882710963495605E+000   7.0462563232858699E-001
7.5680983851833153E+004   1.5997529899692436E+001   4.3950657042307082E+000   4.5003988996026854E+000   7.1941220509209669E-001
6.7782809894444334E+004   1.6997044559560226E+001   4.4721663378085577E+000   4.5119090365313061E+000   7.3494224802378094E-001
6.2471860800135430E+004   1.7996467523483354E+001   4.5365174552092418E+000   4.5220131203270659E+000   7.4690963913260178E-001
5.6829389279906405E+004   1.8995856686949828E+001   4.6037333124108617E+000   4.5316788781161703E+000   7.6118605215520452E-001
5.2460743252811699E+004   1.9995169855489333E+001   4.6636629306865647E+000   4.5403205070306409E+000   7.7386760346411487E-001
4.5840886724425822E+004   2.1993566505166243E+001   4.7703095219384331E+000   4.5561778825464163E+000   7.9547614805849753E-001
4.0789998947154068E+004   2.3991669201752167E+001   4.8660394984388793E+000   4.5700123495484393E+000   8.1567220230467430E-001
3.7031458001824030E+004   2.5989441552636077E+001   4.9501647327092879E+000   4.5822171768022617E+000   8.3332516493223419E-001
3.3709662382958930E+004   2.7986959559252163E+001   5.0285994355902899E+000   4.5930026461013131E+000   8.5097157777463328E-001
3.1261003654894244E+004   2.9984098171568878E+001   5.0983899765944436E+000   4.6028371015075731E+000   8.6619793746418805E-001
2.8793739655475296E+004   3.1981109053686922E+001   5.1643141686860270E+000   4.6115793558514762E+000   8.8167552482217593E-001
2.6902424245599483E+004   3.3977782069867047E+001   5.2237420238271177E+000   4.6195955986777459E+000   8.9535696674018117E-001
2.5282508495954284E+004   3.5974257855469141E+001   5.2787022475998882E+000   4.6268316171387500E+000   9.0836504170455767E-001
2.3975324757844774E+004   3.7970609622982842E+001   5.3293477527547486E+000   4.6335246698856469E+000   9.2030168878819396E-001
2.2767610461721448E+004   3.9966954645995699E+001   5.3773980709681961E+000   4.6396380459195292E+000   9.3210009582715347E-001
2.0529080775439379E+004   4.4957692491929535E+001   5.4839065261810012E+000   4.6530281948042500E+000   9.5857402566411531E-001
1.8909755832272713E+004   4.9948581631394113E+001   5.5766787005864211E+000   4.6637810222265967E+000   9.8345445802212927E-001
1.7220289640559276E+004   5.4940177189933912E+001   5.6592837811446053E+000   4.6728018998881113E+000   1.0067152429781929E+000
1.6136818836814406E+004   5.9930579619544147E+001   5.7311377910038592E+000   4.6811276313489145E+000   1.0259907849862140E+000
1.5331358573791758E+004   6.4920449664581355E+001   5.7953972553352679E+000   4.6884195402337134E+000   1.0435366993823192E+000
1.4696931190084544E+004   6.9910232289786791E+001   5.8534250563858690E+000   4.6951164866877999E+000   1.0591567069994485E+000
1.3752595672927757E+004   7.4902590594622623E+001   5.9077791483024695E+000   4.7003308997449453E+000   1.0759049268434568E+000
1.2889168907392926E+004   7.9894448858088424E+001   5.9577585882899999E+000   4.7045325903469140E+000   1.0924912656332848E+000
1.2356538139292317E+004   8.4883902395845340E+001   6.0029719659546865E+000   4.7094067143881322E+000   1.1053497063831925E+000
1.2077943382206053E+004   8.9871882630461002E+001   6.0445617324807595E+000   4.7140039276025290E+000   1.1169501632174352E+000
1.1590113554106600E+004   9.4862017928715474E+001   6.0840426538032633E+000   4.7177077566710466E+000   1.1292829657416510E+000
1.1157516151172556E+004   9.9853884281424186E+001   6.1211233183048748E+000   4.7209819049797099E+000   1.1412750013751320E+000
1.0662471097337831E+004   1.0484708064479918E+002   6.1561298053990399E+000   4.7239103516779863E+000   1.1529213515256611E+000
1.0142569606534502E+004   1.0984309383859112E+002   6.1892294153748173E+000   4.7264975239896225E+000   1.1642968118902763E+000
9.8944019965295611E+003   1.1483954554828094E+002   6.2199840717161639E+000   4.7293269836294085E+000   1.1740152207813781E+000
9.5508779653314832E+003   1.1984104134202818E+002   6.2493793679543526E+000   4.7318092990509841E+000   1.1837482380573208E+000
9.0778813454336159E+003   1.2484007785684518E+002   6.2776630191389629E+000   4.7336826404857781E+000   1.1941433807800388E+000
8.8008790334885380E+003   1.2982954212070581E+002   6.3040026019587616E+000   4.7360993696802733E+000   1.2024797138009475E+000
8.0580089651090584E+003   1.3482753743735358E+002   6.3302738205183937E+000   4.7367615039352540E+000   1.2142910545708028E+000
7.9681570289763176E+003   1.3981536702532048E+002   6.3539864802858679E+000   4.7393610539176372E+000   1.2209482844897737E+000
7.5835194367694648E+003   1.4481010996166543E+002   6.3773148793591137E+000   4.7409804341508970E+000   1.2293737235598756E+000
7.4214966198591810E+003   1.4980338856659981E+002   6.3995448725884803E+000   4.7428519361831727E+000   1.2367457161100084E+000
7.0922173188984616E+003   1.7476411923768796E+002   6.4991486153135538E+000   4.7494754869768920E+000   1.2733004858851056E+000
6.7408354440793855E+003   1.9972314412341780E+002   6.5829347312923661E+000   4.7548509940149177E+000   1.3044425297984596E+000
6.7232697500944232E+003   2.2466683199607712E+002   6.6552249642584123E+000   4.7591145521191534E+000   1.3320605300730135E+000
6.2292936557426119E+003   2.4963368301069480E+002   6.7191690136580524E+000   4.7616965477004198E+000   1.3588685636102997E+000
6.0042521905756830E+003   2.7459060557675843E+002   6.7757236826951628E+000   4.7644085969807453E+000   1.3817217995682054E+000
5.8680476455544485E+003   2.9954255758755886E+002   6.8265719092867743E+000   4.7666118930896948E+000   1.4027393206461098E+000
