0.231027254807144E+05   84.901607   5.980312   4.713497
0.719695299503868E+05   84.695774   5.981460   4.708704
0.120836334420059E+06   84.485521   5.982772   4.705866
0.169703138889732E+06   84.271521   5.984157   4.703725
0.217741692436191E+06   84.057737   5.985575   4.701956
0.265780245982649E+06   83.840656   5.987034   4.700365
0.313818799529106E+06   83.620308   5.988452   4.698892
0.360200851229133E+06   83.404396   5.989790   4.697546
0.407411153852375E+06   83.181427   5.991321   4.696161
0.452964954629187E+06   82.963236   5.992827   4.694829
0.498518755406000E+06   82.741894   5.994234   4.693519
0.544072556182813E+06   82.517421   5.995645   4.692194
0.588798106036414E+06   82.293886   5.997186   4.690791
0.633192355520728E+06   82.068851   5.998609   4.689421
0.676535885883851E+06   81.846055   6.000018   4.688048
0.719559628565522E+06   81.621807   6.001420   4.686607
0.763054197110501E+06   81.391873   6.002983   4.685044
0.805519118198546E+06   81.164169   6.004420   4.683515
0.846891073868729E+06   80.939219   6.005831   4.681992
0.888724485967543E+06   80.708568   6.007273   4.680389
0.930265589287259E+06   80.476285   6.008722   4.678748
0.970744062677346E+06   80.246759   6.010158   4.677090
0.101088722989217E+07   80.015964   6.011603   4.675387
0.105076792255213E+07   79.783481   6.013057   4.673621
0.109037973319014E+07   79.549355   6.014522   4.671805
0.112972405137739E+07   79.313566   6.016000   4.669871
0.116867492638276E+07   79.076880   6.017488   4.667923
0.120662206730146E+07   78.843134   6.018957   4.665932
0.124498321107815E+07   78.603620   6.020461   4.663820
0.128235874116464E+07   78.367088   6.021949   4.661629
0.132013820007953E+07   78.124776   6.023467   4.659325
0.135683471567424E+07   77.886277   6.024968   4.657025
0.139327939243643E+07   77.646326   6.026479   4.654590
0.142941660996111E+07   77.405338   6.027909   4.652173
0.146524887296533E+07   77.163334   6.029340   4.649701
0.150077866681777E+07   76.920372   6.030893   4.647053
0.153600845767514E+07   76.676536   6.032462   4.644263
0.157063276890154E+07   76.434059   6.034020   4.641419
0.160548973360259E+07   76.187153   6.035574   4.638484
0.163911069250584E+07   75.946327   6.036977   4.635653
0.167311975230282E+07   75.700121   6.038611   4.632446
0.170684183760390E+07   75.453513   6.040262   4.629134
0.173956281717124E+07   75.211932   6.041727   4.625823
0.177259431081546E+07   74.965825   6.043332   4.622306
0.180470923907753E+07   74.724594   6.045008   4.618557
0.183712805122448E+07   74.479284   6.046577   4.614727
0.186864809118812E+07   74.239179   6.048169   4.610768
0.190046552575959E+07   73.995490   6.049923   4.606494
0.193133975154866E+07   73.757918   6.051403   4.602540
0.196250563944665E+07   73.517196   6.053200   4.598122
0.199274727221424E+07   73.283048   6.054973   4.593558
0.202327494497409E+07   73.046427   6.056560   4.588998
0.205289693542032E+07   72.817012   6.058393   4.583929
0.208279945200125E+07   72.585957   6.060110   4.578905
0.211175622278124E+07   72.363224   6.061876   4.573483
0.214098869464640E+07   72.139882   6.063798   4.567599
0.216991742105608E+07   71.920873   6.065495   4.562029
0.219820974974695E+07   71.709251   6.067468   4.555446
0.222637698299578E+07   71.501844   6.069190   4.549220
0.225419771696435E+07   71.300830   6.071248   4.542272
0.228177381397881E+07   71.105628   6.073060   4.535793
0.230853115397340E+07   70.920932   6.075112   4.528476
0.233570006346888E+07   70.738736   6.077069   4.520995
0.236221895443620E+07   70.567103   6.079137   4.513072
0.238892289433850E+07   70.400875   6.081188   4.504647
0.241488012956427E+07   70.247156   6.083307   4.495550
0.244071749216109E+07   70.102357   6.085382   4.486108
0.246628891456977E+07   69.968065   6.087567   4.476502
0.249128226615907E+07   69.845281   6.089749   4.466396
0.251620752817745E+07   69.732547   6.091914   4.455802
0.254116599470569E+07   69.629432   6.094273   4.443780
0.256559910396854E+07   69.538511   6.096423   4.433057
0.258954221121160E+07   69.361477   6.098210   4.420295
0.261351721457436E+07   68.396280   6.098380   4.402076
0.263737743517406E+07   67.444473   6.098867   4.394417
0.266084265377190E+07   66.516462   6.099296   4.386453
0.268391544756918E+07   65.607565   6.099775   4.378967
0.270718796355582E+07   64.692229   6.100308   4.371074
0.273007260427601E+07   63.792829   6.100911   4.362685
0.275256936972976E+07   62.916532   6.101665   4.349750
0.277506613518351E+07   62.041676   6.102505   4.341116
0.279717502537081E+07   61.180433   6.103321   4.332739
0.281928391555812E+07   60.317892   6.104198   4.324670
0.284100493047898E+07   59.467371   6.105255   4.316115
0.286233807013340E+07   58.629052   6.106328   4.307764
0.287000636415100E+07   58.135293   6.105985   4.311719
0.287747650225222E+07   57.770366   6.106540   4.308901
0.288523282134558E+07   57.355867   6.106646   4.310088
0.289270709377288E+07   56.950377   6.106877   4.310353
0.289988825747754E+07   56.554372   6.106943   4.311656
0.290747324447422E+07   56.138253   6.107194   4.312582
0.291466042523815E+07   55.832075   6.107510   4.312567
0.292196954850237E+07   55.464870   6.107841   4.311979
0.292923474826964E+07   55.096450   6.107998   4.313319
0.293645039924517E+07   54.727552   6.108390   4.314327
0.294392679691900E+07   54.394055   6.108769   4.314806
0.295102937470913E+07   54.074204   6.109205   4.315246
0.295813195249926E+07   53.749980   6.109618   4.316144
0.296523453028939E+07   53.421918   6.110041   4.317662
0.297233710807952E+07   53.088560   6.110495   4.319551
0.297943968586966E+07   52.749765   6.110916   4.322966
0.298654226365979E+07   52.404235   6.111388   4.325607
0.299364484144992E+07   52.051922   6.111847   4.330692
0.300074741924005E+07   51.690361   6.112302   4.336476
0.300784999703018E+07   51.319247   6.112861   4.342338
0.301491519283195E+07   50.938237   6.113277   4.351783
0.302231682652902E+07   50.523346   6.113983   4.364156
0.302933727609070E+07   50.110816   6.114786   4.379088
0.303696768755660E+07   49.631701   6.116011   4.405163
0.304802474512758E+07   49.231966   6.146030   4.516794
0.304810617840483E+07   49.230786   6.146867   4.516979
0.304818761168207E+07   49.229603   6.147602   4.516759
0.304826904495932E+07   49.228421   6.148234   4.516179
0.304835047823656E+07   49.227244   6.148757   4.515242
0.304843191151381E+07   49.226074   6.149123   4.513690
0.304851334479106E+07   49.224919   6.149362   4.511763
0.304859477806830E+07   49.223781   6.149500   4.509544
0.304867621134555E+07   49.222662   6.149548   4.507095
0.304875764462280E+07   49.221565   6.149586   4.504887
0.304883907790005E+07   49.220482   6.149520   4.501879
0.304892051117729E+07   49.219430   6.149495   4.498568
0.304892051117729E+07   49.219430   6.149495   4.498568
0.304900194445454E+07   49.218405   6.149486   4.494385
0.304908337773178E+07   49.217419   6.149579   4.489550
0.304916481100903E+07   49.216474   6.149711   4.482892
0.304924624428628E+07   49.215593   6.150023   4.474747
0.304932767756352E+07   49.214780   6.150397   4.464942
0.304940911084077E+07   49.214047   6.150860   4.454666
0.304949054411802E+07   49.213386   6.151506   4.441245
0.304957197739526E+07   49.206509   6.152272   4.425935
0.304965341067251E+07   49.199885   6.153066   4.411047
0.304969412731113E+07   49.196623   6.153573   4.401454
0.304973484394976E+07   49.193443   6.154114   4.391107
0.304981627722700E+07   49.187312   6.155157   4.370515
0.304989771050425E+07   49.181476   6.156434   4.344686
0.304997914378150E+07   49.106577   6.157201   4.329732
0.305006057705874E+07   49.034213   6.158263   4.306162
0.305010943702509E+07   48.992746   6.158928   4.290244
0.305018272697461E+07   48.933375   6.160105   4.261866
0.305025601692413E+07   48.878402   6.161271   4.225082
0.305032930687366E+07   48.828102   6.162544   4.181735
0.305040259682318E+07   48.783050   6.163976   4.127962
0.305046977927690E+07   48.746607   6.165313   4.071937
0.305054245847685E+07   48.712920   6.166798   3.993601
0.305062026797325E+07   48.679871   6.168295   3.907011
0.305069304977913E+07   48.636541   6.169907   3.890516
0.305077129500872E+07   48.581367   6.171329   3.880825
0.305084703788490E+07   48.519180   6.172380   3.876203
0.305091404929064E+07   48.462415   6.173330   3.874884
0.305099583055723E+07   48.390678   6.174556   3.873195
0.305106516684847E+07   48.327585   6.175894   3.871692
0.305115530402708E+07   48.241705   6.178111   3.870158
0.305121539547949E+07   48.182600   6.179432   3.869131
0.305129351436762E+07   48.103069   6.180972   3.867841
0.305137163325575E+07   48.020837   6.182341   3.866291
0.305146146997710E+07   47.921969   6.183967   3.864623
0.305151224725439E+07   47.864153   6.184894   3.863659
0.305161380180896E+07   47.743921   6.186837   3.862032
0.305166457908625E+07   47.682388   6.187851   3.861288
0.305175597818536E+07   47.567531   6.189615   3.859745
0.305180167773492E+07   47.508466   6.190498   3.859124
0.305189307683403E+07   47.386885   6.192088   3.857527
0.305197533602323E+07   47.127116   6.192769   3.858548
0.305203017548270E+07   46.909893   6.193684   3.859376
0.305211243467190E+07   46.582612   6.195856   3.860052
0.305218646794218E+07   46.337991   6.198070   3.860030
0.305226324318543E+07   46.230147   6.200441   3.858269
0.305232082461788E+07   46.146005   6.202264   3.857292
0.305239376109897E+07   45.883186   6.203264   3.859605
0.305248013324763E+07   45.524119   6.205807   3.863638
0.305254923096656E+07   45.297851   6.209301   3.868038
0.305261832868549E+07   45.207100   6.210804   3.867427
0.305270470083415E+07   45.090434   6.212792   3.866744
0.305276688878119E+07   45.004619   6.214083   3.866386
0.305284462371498E+07   44.894917   6.216095   3.866561
0.305292235864878E+07   44.786893   6.218007   3.868490
0.305300009358258E+07   44.679477   6.218547   3.868621
0.305306228152961E+07   44.592714   6.221601   3.870565
0.305314001646341E+07   44.488377   6.222433   3.872570
0.305321775139721E+07   44.385679   6.222780   3.873288
0.305329548633100E+07   44.283735   6.223225   3.874193
0.305335767427804E+07   44.203488   6.223562   3.875083
0.305343540921183E+07   44.104179   6.224040   3.875965
0.305351314414563E+07   44.006862   6.225083   3.878335
0.305359087907942E+07   43.916947   6.226506   3.885131
0.305373080196026E+07   43.766760   6.225209   3.886356
0.305380853689405E+07   43.684413   6.225095   3.886913
0.305394845977489E+07   43.541678   6.225860   3.890756
0.305444285395383E+07   43.152410   6.233887   3.797398
0.305720884946212E+07   38.893918   6.191596   3.869567
0.306282368726886E+07   38.182401   6.171132   4.400428
0.306909157658041E+07   37.978600   6.161122   4.527780
0.307543907475576E+07   37.859474   6.154219   4.607506
0.308239840993811E+07   36.800464   6.105359   4.413582
0.308945705620124E+07   35.611312   6.085840   4.427442
0.309653010306908E+07   34.263654   6.059201   4.436914
0.310365549440959E+07   33.009502   6.037475   4.447316
0.311083121332479E+07   31.843675   6.016598   4.454692
0.311781876815016E+07   31.305553   6.009481   4.572041
0.312481526657464E+07   30.907371   6.002055   4.595888
0.313186258702158E+07   30.500824   5.997200   4.592329
0.313901324558084E+07   30.080553   5.990890   4.590777
0.314622489056693E+07   29.652898   5.984191   4.589662
0.315352970926086E+07   29.213486   5.977238   4.587461
0.316092770166262E+07   28.762839   5.969928   4.585650
0.316843750251378E+07   28.300359   5.962148   4.584106
0.317605911181433E+07   27.826634   5.953876   4.590321
0.318379252956428E+07   27.342985   5.945325   4.595205
0.319165639050519E+07   26.843379   5.936223   4.596848
0.319968796412020E+07   26.316301   5.926222   4.596913
0.320121601292863E+07   26.215743   5.924279   4.597528
0.320274406173705E+07   26.115250   5.922356   4.598085
0.320427211054547E+07   26.014899   5.920396   4.598816
0.320581879409546E+07   25.913545   5.918380   4.599512
0.320736547764545E+07   25.812499   5.916389   4.600448
0.320891216119544E+07   25.711818   5.914446   4.601179
0.321047747948700E+07   25.610362   5.912392   4.602087
0.321204279777856E+07   25.509406   5.910409   4.603194
0.321360811607011E+07   25.409006   5.908377   4.604096
0.321519206910323E+07   25.308023   5.906284   4.605193
0.321679465687792E+07   25.206534   5.904280   4.606278
0.321839724465261E+07   25.105762   5.902179   4.607318
0.321999983242730E+07   25.005717   5.900221   4.608404
0.322160242020199E+07   24.906440   5.898134   4.609741
0.322322364271824E+07   24.806821   5.896071   4.610796
0.322486349997607E+07   24.706946   5.894053   4.612167
0.322648285901817E+07   24.609214   5.891960   4.613520
0.322814321449173E+07   24.509957   5.889992   4.615231
0.322978307174955E+07   24.412903   5.887917   4.616562
0.323144342722310E+07   24.315637   5.885931   4.617854
0.323312428091238E+07   24.218203   5.883865   4.619438
0.323480513460165E+07   24.121809   5.881847   4.621027
0.323648598829093E+07   24.026477   5.879866   4.622641
0.323818734019592E+07   23.931059   5.877802   4.624197
0.323988869210092E+07   23.836727   5.875879   4.625783
0.324161054222164E+07   23.742391   5.873843   4.627378
0.324333239234236E+07   23.649187   5.871825   4.628925
0.324507474067880E+07   23.555991   5.869933   4.630541
0.324681708901524E+07   23.463951   5.867925   4.632401
0.324857993556741E+07   23.372005   5.865938   4.633975
0.325036328033530E+07   23.280196   5.864054   4.635873
0.325214662510318E+07   23.189610   5.862112   4.637678
0.325392996987107E+07   23.100211   5.860111   4.639470
0.325573381285468E+07   23.010899   5.858357   4.640973
0.325755815405402E+07   22.921821   5.856399   4.642965
0.325938249525335E+07   22.834093   5.854574   4.644697
0.326122733466841E+07   22.746688   5.852706   4.646790
0.326309267229919E+07   22.659596   5.850784   4.648469
0.326495800992997E+07   22.573778   5.849031   4.650197
0.326684384577647E+07   22.488295   5.847183   4.652230
0.326872968162297E+07   22.404088   5.845487   4.654004
0.327063601568520E+07   22.320240   5.843661   4.656008
0.327256284796315E+07   22.236783   5.841918   4.658058
0.327451017845682E+07   22.153749   5.840146   4.660004
0.327645750895049E+07   22.072017   5.838354   4.661690
0.327840483944416E+07   21.991547   5.836766   4.663775
0.328039316636928E+07   21.910625   5.834980   4.665715
0.328238149329439E+07   21.830933   5.833355   4.667420
0.328441081665095E+07   21.750861   5.831615   4.669440
0.328641964179179E+07   21.672876   5.830037   4.671428
0.328846946336408E+07   21.594638   5.828346   4.673733
0.329053978315209E+07   21.517024   5.826760   4.676058
0.329261010294009E+07   21.440739   5.825147   4.678127
0.329472141915955E+07   21.364186   5.823607   4.680156
0.329683273537900E+07   21.288869   5.822068   4.682183
0.329898504802990E+07   21.213351   5.820479   4.684189
0.330113736068080E+07   21.139057   5.818963   4.686240
0.330333066976315E+07   21.064572   5.817418   4.688542
0.330552397884549E+07   20.991299   5.815939   4.690544
0.330775828435928E+07   20.917864   5.814498   4.692578
0.331001308808880E+07   20.844928   5.812973   4.694556
0.331228839003403E+07   20.772523   5.811532   4.696581
0.331458419019499E+07   20.700786   5.810057   4.698931
0.331692098678740E+07   20.629098   5.808692   4.701238
0.331927828159552E+07   20.557995   5.807296   4.703299
0.332165607461938E+07   20.487506   5.805897   4.705644
0.332407486407467E+07   20.417126   5.804548   4.707997
0.332651415174569E+07   20.347482   5.803290   4.710393
0.332899443584816E+07   20.277987   5.801918   4.713023
0.333147471995062E+07   20.209788   5.800696   4.715422
0.333231514679526E+07   20.186969   5.800267   4.716019
0.333313507542417E+07   20.164844   5.799867   4.716989
0.333397550226881E+07   20.142315   5.799403   4.717845
0.333481592911344E+07   20.119930   5.799006   4.718695
0.333565635595808E+07   20.097686   5.798637   4.719651
0.333649678280272E+07   20.075601   5.798255   4.720532
0.333735770786308E+07   20.053134   5.797825   4.721424
0.333821863292344E+07   20.030821   5.797428   4.722406
0.333907955798380E+07   20.008670   5.797037   4.723305
0.333994048304416E+07   19.986679   5.796656   4.724167
0.334080140810452E+07   19.964838   5.796324   4.725132
0.334168283138060E+07   19.942652   5.795868   4.726285
0.334254375644096E+07   19.921158   5.795517   4.727178
0.334344567793277E+07   19.898814   5.795139   4.728359
0.334432710120885E+07   19.877161   5.794803   4.729645
0.334520852448493E+07   19.855705   5.794439   4.730531
0.334609814704730E+07   19.834236   5.794120   4.731698
0.334700006853911E+07   19.812637   5.793804   4.732682
0.334790199003092E+07   19.791171   5.793458   4.733580
0.334880391152273E+07   19.769829   5.793101   4.734197
0.334972838105184E+07   19.748077   5.792755   4.735201
0.335063030254364E+07   19.726982   5.792369   4.735818
0.335155477207275E+07   19.705483   5.792053   4.736707
0.335247924160185E+07   19.684103   5.791778   4.737422
0.335340371113096E+07   19.662871   5.791474   4.738598
0.335435072869736E+07   19.641292   5.791150   4.739522
0.335527519822646E+07   19.620385   5.790855   4.740448
0.335622221579286E+07   19.599128   5.790571   4.741770
0.335719178139656E+07   19.577543   5.790259   4.742732
0.335813879896296E+07   19.556628   5.789956   4.743928
0.335910836456665E+07   19.535376   5.789716   4.744962
0.336005538213305E+07   19.514767   5.789383   4.745893
0.336104749577404E+07   19.493327   5.789138   4.746848
0.336201706137773E+07   19.472514   5.788902   4.747859
0.336300917501873E+07   19.451363   5.788650   4.748893
0.336397874062242E+07   19.430837   5.788392   4.749874
0.336497085426341E+07   19.409973   5.788184   4.750843
0.336598551594170E+07   19.388779   5.787934   4.751926
0.336697762958269E+07   19.368232   5.787744   4.753188
0.336799229126097E+07   19.347395   5.787540   4.754199
0.336900695293926E+07   19.326728   5.787335   4.755548
0.337004416265484E+07   19.305794   5.787169   4.756921
0.337105882433312E+07   19.285521   5.787028   4.758242
0.337209603404870E+07   19.264995   5.786875   4.759823
0.337313324376428E+07   19.244653   5.786712   4.760985
0.337417045347986E+07   19.224471   5.786586   4.762057
0.337523021123274E+07   19.204002   5.786466   4.763472
0.337628996898562E+07   19.183686   5.786402   4.764579
0.337734972673849E+07   19.163518   5.786339   4.765764
0.337840948449137E+07   19.143499   5.786282   4.766897
0.337949179028154E+07   19.123200   5.786226   4.768043
0.338057409607171E+07   19.103044   5.786200   4.769580
0.338165640186188E+07   19.083042   5.786185   4.770749
0.338273870765205E+07   19.063188   5.786207   4.771963
0.338382101344222E+07   19.043473   5.786301   4.773263
0.338492586726969E+07   19.023495   5.786397   4.774611
0.338603072109716E+07   19.003666   5.786503   4.776203
0.338713557492462E+07   18.983977   5.786698   4.777308
0.338826297678938E+07   18.964017   5.786945   4.778826
0.338936783061685E+07   18.944570   5.787204   4.780268
0.339049523248161E+07   18.924835   5.787520   4.781573
0.339162263434637E+07   18.905205   5.787941   4.782889
0.339276356503351E+07   18.885442   5.788462   4.784621
0.339389998611318E+07   18.865856   5.789098   4.786152
0.339503640719285E+07   18.846361   5.789850   4.787557
0.339617485759587E+07   18.826912   5.790911   4.789763
0.339735795311275E+07   18.806817   5.792344   4.792111
0.339854104862963E+07   18.786837   5.794371   4.794896
0.339979111181727E+07   18.765805   5.797996   4.799025
0.340311812256670E+07   18.709082   5.836963   4.823852
0.340316913610531E+07   18.708182   5.838033   4.824618
0.340316913610531E+07   18.708182   5.838033   4.824618
0.340316913610531E+07   18.708182   5.838033   4.824618
0.340316913610531E+07   18.708182   5.838033   4.824618
0.340316913610531E+07   18.708182   5.838033   4.824618
0.340316913610531E+07   18.708182   5.838033   4.824618
0.340316913610531E+07   18.708182   5.838033   4.824618
0.340316913610531E+07   18.708182   5.838033   4.824618
0.340316913610531E+07   18.708182   5.838033   4.824618
0.340316913610531E+07   18.708182   5.838033   4.824618
0.340316913610531E+07   18.708182   5.838033   4.824618
0.340316913610531E+07   18.708182   5.838033   4.824618
0.340316913610531E+07   18.708182   5.838033   4.824618
0.340316913610531E+07   18.708182   5.838033   4.824618
0.340316913610531E+07   18.708182   5.838033   4.824618
0.340316913610531E+07   18.708182   5.838033   4.824618
0.340316913610531E+07   18.708182   5.838033   4.824618
0.340316913610531E+07   18.708182   5.838033   4.824618
0.340316913610531E+07   18.708182   5.838033   4.824618
0.340636817013531E+07   18.648983   5.913651   4.858049
0.340638111050932E+07   18.648724   5.918892   4.859132
0.340638431408615E+07   18.648660   5.921102   4.859645
0.340638611609812E+07   18.648623   5.922715   4.860170
0.340638718729412E+07   18.648601   5.923878   4.860430
0.340638791610785E+07   18.648587   5.924764   4.860563
0.340638846552127E+07   18.648575   5.925572   4.860982
0.340638891290078E+07   18.648566   5.926306   4.860854
0.340638928022290E+07   18.648559   5.926945   4.861279
0.340638959103392E+07   18.648552   5.927509   4.861286
0.340638988169874E+07   18.648547   5.928073   4.861585
0.340639011857913E+07   18.648542   5.928556   4.861501
0.340639035957917E+07   18.648537   5.929085   4.861782
0.340639056350228E+07   18.648533   5.929528   4.861721
0.340639075871232E+07   18.648529   5.929997   4.861958
0.340639094491266E+07   18.648525   5.930433   4.862179
0.340639112060169E+07   18.648521   5.930869   4.862134
0.340639129358781E+07   18.648518   5.931317   4.862361
0.340639146387102E+07   18.648514   5.931778   4.862298
0.340639162199115E+07   18.648511   5.932215   4.862519
0.340639178862544E+07   18.648507   5.932695   4.862763
0.340639196377389E+07   18.648504   5.933244   4.862749
0.340639213344895E+07   18.648500   5.933774   4.863020
0.340639231078675E+07   18.648496   5.934360   4.863028
0.340639251275481E+07   18.648492   5.935089   4.863402
0.340639273354038E+07   18.648488   5.935947   4.863551
0.340639297055235E+07   18.648483   5.936992   4.863594
0.340639324318794E+07   18.648477   5.938328   4.863777
0.340639354767938E+07   18.648471   5.940219   4.863858
0.340639388532566E+07   18.648464   5.942903   4.864410
0.340639440962963E+07   18.648452   5.955113   4.865954
         
