0.448703320000000E+08   1.000000   -0.138050   3.754330
0.164524550000000E+09   1.000000   -0.129380   3.755300
0.269221990000000E+09   1.000000   -0.126810   3.755330
0.373919440000000E+09   1.000000   -0.124360   3.755400
0.463660100000000E+09   1.000000   -0.122260   3.755480
0.568357540000000E+09   1.000000   -0.119770   3.755580
0.673054990000000E+09   1.000000   -0.117260   3.755700
0.777752430000000E+09   1.000000   -0.114720   3.755810
0.882449870000000E+09   1.000000   -0.112130   3.755940
0.987147310000000E+09   1.000000   -0.109510   3.756070
0.107688800000000E+10   1.000000   -0.107250   3.756190
0.118158540000000E+10   1.000000   -0.104540   3.756330
0.128628290000000E+10   1.000000   -0.101830   3.756470
0.139098030000000E+10   1.000000   -0.099090   3.756610
0.148072100000000E+10   1.000000   -0.096690   3.756730
0.158541840000000E+10   1.000000   -0.093890   3.756860
0.169011590000000E+10   1.000000   -0.091050   3.757000
0.179481330000000E+10   1.000000   -0.088180   3.757150
0.188455400000000E+10   1.000000   -0.085690   3.757270
0.198925140000000E+10   1.000000   -0.082760   3.757420
0.209394880000000E+10   1.000000   -0.079800   3.757570
0.218368950000000E+10   1.000000   -0.077230   3.757700
0.228838690000000E+10   1.000000   -0.074220   3.757850
0.237812760000000E+10   1.000000   -0.071610   3.757980
0.248282510000000E+10   1.000000   -0.068540   3.758140
0.257256570000000E+10   1.000000   -0.065890   3.758270
0.267726320000000E+10   1.000000   -0.062750   3.758420
0.278196060000000E+10   1.000000   -0.059600   3.758580
0.287170130000000E+10   1.000000   -0.056880   3.758710
0.297639870000000E+10   1.000000   -0.053670   3.758870
0.306613940000000E+10   1.000000   -0.050910   3.759000
0.315588000000000E+10   1.000000   -0.048120   3.759140
0.326057750000000E+10   1.000000   -0.044830   3.759290
0.335031810000000E+10   1.000000   -0.042000   3.759430
0.345501560000000E+10   1.000000   -0.038660   3.759610
0.354475630000000E+10   1.000000   -0.035760   3.759770
0.363449690000000E+10   1.000000   -0.032850   3.759930
0.373919440000000E+10   1.000000   -0.029430   3.760120
0.382893500000000E+10   1.000000   -0.026470   3.760280
0.391867570000000E+10   1.000000   -0.023490   3.760440
0.400841640000000E+10   1.000000   -0.020480   3.760600
0.411311380000000E+10   1.000000   -0.016960   3.760780
0.420285450000000E+10   1.000000   -0.013920   3.760940
0.429259510000000E+10   1.000000   -0.010850   3.761100
0.438233580000000E+10   1.000000   -0.007770   3.761250
0.447207650000000E+10   1.000000   -0.004660   3.761410
0.456181710000000E+10   1.000000   -0.001540   3.761560
0.465155780000000E+10   1.000000   0.001590   3.761670
0.474129850000000E+10   1.000000   0.004760   3.761800
0.484599590000000E+10   1.000000   0.008470   3.761950
0.493573660000000E+10   1.000000   0.011680   3.762060
0.502547720000000E+10   1.000000   0.014910   3.762180
0.511521790000000E+10   1.000000   0.018160   3.762300
0.519000180000000E+10   1.000000   0.020890   3.762410
0.527974240000000E+10   1.000000   0.024180   3.762520
0.536948310000000E+10   1.000000   0.027500   3.762620
0.545922380000000E+10   1.000000   0.030830   3.762750
0.554896440000000E+10   1.000000   0.034170   3.762820
0.563870510000000E+10   1.000000   0.037550   3.762880
0.572844580000000E+10   1.000000   0.040950   3.762950
0.581818640000000E+10   1.000000   0.044380   3.763020
0.590792710000000E+10   1.000000   0.047800   3.763080
0.599766780000000E+10   1.000000   0.051270   3.763140
0.607245160000000E+10   1.000000   0.054190   3.763190
0.616219230000000E+10   1.000000   0.057710   3.763240
0.625193300000000E+10   1.000000   0.061270   3.763290
0.634167360000000E+10   1.000000   0.064840   3.763330
0.643141430000000E+10   1.000000   0.068450   3.763370
0.652115500000000E+10   1.000000   0.072080   3.763400
0.659593890000000E+10   1.000000   0.075120   3.763430
0.668567950000000E+10   1.000000   0.078800   3.763450
0.677542020000000E+10   1.000000   0.082480   3.763470
0.686516080000000E+10   1.000000   0.086200   3.763480
0.693994470000000E+10   1.000000   0.089300   3.763490
0.702968540000000E+10   1.000000   0.093030   3.763480
0.710446930000000E+10   1.000000   0.096140   3.763470
0.719421000000000E+10   1.000000   0.099880   3.763450
0.726899380000000E+10   1.000000   0.102980   3.763410
0.734377770000000E+10   1.000000   0.106070   3.763360
0.741856160000000E+10   1.000000   0.109160   3.763290
0.749334550000000E+10   1.000000   0.112220   3.763220
0.756812940000000E+10   1.000000   0.115260   3.763140
0.764291330000000E+10   1.000000   0.118280   3.763040
0.771769720000000E+10   1.000000   0.121310   3.762940
0.777752430000000E+10   1.000000   0.123730   3.762850
0.780743780000000E+10   1.000000   0.124950   3.762800
0.782239460000000E+10   1.000000   0.125560   3.762770
0.783735140000000E+10   1.000000   0.126180   3.762750
0.785230820000000E+10   1.000000   0.126790   3.762730
0.788222170000000E+10   1.000000   0.128040   3.762680
0.789717850000000E+10   1.000000   0.128660   3.762650
0.791213530000000E+10   1.000000   0.129290   3.762630
0.792709200000000E+10   1.000000   0.129920   3.762610
0.795700560000000E+10   1.000000   0.131190   3.762560
0.797196240000000E+10   1.000000   0.131840   3.762530
0.800187590000000E+10   1.000000   0.133140   3.762480
0.801683270000000E+10   1.000000   0.133800   3.762460
0.804674630000000E+10   1.000000   0.135130   3.762410
0.806170300000000E+10   1.000000   0.135810   3.762390
0.809161660000000E+10   1.000000   0.137170   3.762350
0.812153020000000E+10   1.000000   0.138550   3.762300
0.813648690000000E+10   1.000000   0.139250   3.762280
0.816640050000000E+10   1.000000   0.140630   3.762230
0.819631400000000E+10   1.000000   0.142070   3.762180
0.824118440000000E+10   1.000000   0.144260   3.762120
0.827109790000000E+10   1.000000   0.145740   3.762070
0.831596830000000E+10   1.000000   0.148010   3.762010
0.837579540000000E+10   1.000000   0.151080   3.761920
0.842066570000000E+10   1.000000   0.153420   3.761860
0.849544960000000E+10   1.000000   0.157380   3.761740
0.855527670000000E+10   1.000000   0.160590   3.761640
0.860014700000000E+10   1.000000   0.163010   3.761580
0.864501740000000E+10   1.000000   0.165420   3.761520
0.868988770000000E+10   1.000000   0.167860   3.761450
0.874971480000000E+10   1.000000   0.171150   3.761440
0.879458510000000E+10   1.000000   0.173650   3.761400
0.883945550000000E+10   1.000000   0.176170   3.761350
0.888432580000000E+10   1.000000   0.178710   3.761300
0.894415290000000E+10   1.000000   0.182130   3.761230
0.898902320000000E+10   1.000000   0.184720   3.761170
0.903389360000000E+10   1.000000   0.187330   3.761100
0.907876390000000E+10   1.000000   0.189970   3.761030
0.913859100000000E+10   1.000000   0.193520   3.760930
0.918346140000000E+10   1.000000   0.196210   3.760850
0.922833170000000E+10   1.000000   0.198920   3.760760
0.927320200000000E+10   1.000000   0.201650   3.760650
0.933302910000000E+10   1.000000   0.205330   3.760490
0.937789950000000E+10   1.000000   0.208130   3.760360
0.942276980000000E+10   1.000000   0.210940   3.760230
0.946764010000000E+10   1.000000   0.213780   3.760080
0.952746720000000E+10   1.000000   0.217610   3.759870
0.957233760000000E+10   1.000000   0.220520   3.759710
0.961720790000000E+10   1.000000   0.223440   3.759530
0.966207820000000E+10   1.000000   0.226400   3.759340
0.972190530000000E+10   1.000000   0.230380   3.759070
0.976677570000000E+10   1.000000   0.233390   3.758850
0.981164600000000E+10   1.000000   0.236430   3.758620
0.985651630000000E+10   1.000000   0.239500   3.758370
0.991634340000000E+10   1.000000   0.243630   3.758020
0.996121380000000E+10   1.000000   0.246750   3.757730
0.100060840000000E+11   1.000000   0.249900   3.757430
0.100509540000000E+11   1.000000   0.253070   3.757110
0.101107820000000E+11   1.000000   0.257320   3.756620
0.101556520000000E+11   1.000000   0.260540   3.756230
0.102005220000000E+11   1.000000   0.263770   3.755810
0.102453930000000E+11   1.000000   0.267020   3.755370
0.103052200000000E+11   1.000000   0.271370   3.754740
0.103500900000000E+11   1.000000   0.274650   3.754240
0.103949600000000E+11   1.000000   0.277930   3.753690
0.104398310000000E+11   1.000000   0.281210   3.753120
0.104996580000000E+11   1.000000   0.285580   3.752290
0.105445280000000E+11   1.000000   0.288840   3.751620
0.105893980000000E+11   1.000000   0.292080   3.750900
0.106342690000000E+11   1.000000   0.295300   3.750130
0.106940960000000E+11   1.000000   0.299510   3.749010
0.107389660000000E+11   1.000000   0.302540   3.748020
0.107838370000000E+11   1.000000   0.305550   3.746900
0.108287070000000E+11   1.000000   0.308480   3.745720
0.108885340000000E+11   1.000000   0.312160   3.743960
0.109334040000000E+11   1.000000   0.314740   3.742490
0.109782750000000E+11   1.000000   0.317060   3.740860
0.110231450000000E+11   1.000000   0.319060   3.739060
0.110680150000000E+11   1.000000   0.320830   3.737080
0.111278420000000E+11   1.000000   0.322500   3.734070
0.111727130000000E+11   1.000000   0.322870   3.731440
0.112175830000000E+11   1.000000   0.322620   3.728450
0.112624530000000E+11   1.000000   0.321470   3.724750
0.113222810000000E+11   1.000000   0.318760   3.718820
0.113671510000000E+11   1.000000   0.316620   3.713870
0.114075340000000E+11   1.000000   0.315640   3.709260
0.114559940000000E+11   1.000000   0.317440   3.703280
0.115032430000000E+11   1.000000   0.324700   3.697400
0.115446760000000E+11   1.000000   0.337600   3.692710
0.115937420000000E+11   1.000000   0.362110   3.688030
0.116430760000000E+11   0.999900   0.393770   3.684480
0.116755500000000E+11   0.999900   0.418910   3.682560
0.117228210000000E+11   0.999800   0.461060   3.680620
0.117666690000000E+11   0.999800   0.504440   3.678870
0.118085190000000E+11   0.999700   0.550130   3.677430
0.118533640000000E+11   0.999600   0.604380   3.676030
0.118978950000000E+11   0.999500   0.664270   3.674470
0.119412140000000E+11   0.999300   0.729320   3.672500
0.119859230000000E+11   0.999100   0.807500   3.670030
0.120292650000000E+11   0.998900   0.897740   3.667120
0.120732630000000E+11   0.998500   1.007900   3.663040
0.121181520000000E+11   0.997900   1.152030   3.656530
0.121624090000000E+11   0.996800   1.342320   3.647770
0.122064560000000E+11   0.994900   1.390360   3.646700
0.122507880000000E+11   0.991500   1.719880   3.626800
0.122951350000000E+11   0.954200   2.638140   3.556410
0.122951350000000E+11   0.954200   2.638140   3.556410
0.122951350000000E+11   0.954200   2.638140   3.556410
0.122951350000000E+11   0.954200   2.638140   3.556410
0.122951350000000E+11   0.954200   2.638140   3.556410
0.122951350000000E+11   0.954200   2.638140   3.556410
0.122951350000000E+11   0.954200   2.638140   3.556410
0.122951350000000E+11   0.954200   2.638140   3.556410
0.122951350000000E+11   0.954200   2.638140   3.556410
0.122951350000000E+11   0.954200   2.638140   3.556410
0.122951350000000E+11   0.954200   2.638140   3.556410
0.122951350000000E+11   0.954200   2.638140   3.556410
0.122951350000000E+11   0.954200   2.638140   3.556410
0.122951350000000E+11   0.954200   2.638140   3.556410
0.122951350000000E+11   0.954200   2.638140   3.556410
0.122951350000000E+11   0.954200   2.638140   3.556410
0.122951350000000E+11   0.954200   2.638140   3.556410
0.122951350000000E+11   0.954200   2.638140   3.556410
0.122951350000000E+11   0.954200   2.638140   3.556410
0.122951350000000E+11   0.954200   2.638140   3.556410
0.122951350000000E+11   0.954200   2.638140   3.556410
0.122951350000000E+11   0.954200   2.638140   3.556410
0.122951350000000E+11   0.954200   2.638140   3.556410
0.122951350000000E+11   0.954200   2.638140   3.556410
0.122951350000000E+11   0.954200   2.638140   3.556410
0.122951350000000E+11   0.954200   2.638140   3.556410
0.122951350000000E+11   0.954200   2.638140   3.556410
0.122951350000000E+11   0.954200   2.638140   3.556410
0.122951350000000E+11   0.954200   2.638140   3.556410
0.122951350000000E+11   0.954200   2.638140   3.556410
0.122951350000000E+11   0.954200   2.638140   3.556410
0.122951350000000E+11   0.954200   2.638140   3.556410
0.122951350000000E+11   0.954200   2.638140   3.556410
0.122951350000000E+11   0.954200   2.638140   3.556410
0.122951350000000E+11   0.954200   2.638140   3.556410
0.122951350000000E+11   0.954200   2.638140   3.556410
0.122951350000000E+11   0.954200   2.638140   3.556410
0.122951350000000E+11   0.954200   2.638140   3.556410
0.122951350000000E+11   0.954200   2.638140   3.556410
0.122951350000000E+11   0.954200   2.638140   3.556410
0.122951350000000E+11   0.954200   2.638140   3.556410
0.122951350000000E+11   0.954200   2.638140   3.556410
0.122951350000000E+11   0.954200   2.638140   3.556410
0.122951350000000E+11   0.954200   2.638140   3.556410
0.122951350000000E+11   0.954200   2.638140   3.556410
0.122951350000000E+11   0.954200   2.638140   3.556410
0.122951350000000E+11   0.954200   2.638140   3.556410
0.122951350000000E+11   0.954200   2.638140   3.556410
0.122951350000000E+11   0.954200   2.638140   3.556410
0.122951350000000E+11   0.954200   2.638140   3.556410
0.122951350000000E+11   0.954200   2.638140   3.556410
0.122951350000000E+11   0.954200   2.638140   3.556410
0.122951350000000E+11   0.954200   2.638140   3.556410
0.122951350000000E+11   0.954200   2.638140   3.556410
0.122951350000000E+11   0.954200   2.638140   3.556410
0.122951350000000E+11   0.954200   2.638140   3.556410
0.122951350000000E+11   0.954200   2.638140   3.556410
0.122951350000000E+11   0.954200   2.638140   3.556410
0.122951350000000E+11   0.954200   2.638140   3.556410
0.122951350000000E+11   0.954200   2.638140   3.556410
0.122951350000000E+11   0.954200   2.638140   3.556410
0.122951350000000E+11   0.954200   2.638140   3.556410
0.122951350000000E+11   0.954200   2.638140   3.556410
0.122951350000000E+11   0.954200   2.638140   3.556410
0.122951350000000E+11   0.954200   2.638140   3.556410
0.122951350000000E+11   0.954200   2.638140   3.556410
0.122951350000000E+11   0.954200   2.638140   3.556410
0.122951350000000E+11   0.954200   2.638140   3.556410
0.122951350000000E+11   0.954200   2.638140   3.556410
0.122951350000000E+11   0.954200   2.638140   3.556410
0.122951350000000E+11   0.954200   2.638140   3.556410
0.122951350000000E+11   0.954200   2.638140   3.556410
0.122951350000000E+11   0.954200   2.638140   3.556410
0.122951350000000E+11   0.954200   2.638140   3.556410
0.122951350000000E+11   0.954200   2.638140   3.556410
0.122951350000000E+11   0.954200   2.638140   3.556410
0.122951350000000E+11   0.954200   2.638140   3.556410
0.122951350000000E+11   0.954200   2.638140   3.556410
0.122951350000000E+11   0.954200   2.638140   3.556410
0.122951350000000E+11   0.954200   2.638140   3.556410
0.122951350000000E+11   0.954200   2.638140   3.556410
0.122951350000000E+11   0.954200   2.638140   3.556410
0.122951350000000E+11   0.954200   2.638140   3.556410
0.122951350000000E+11   0.954200   2.638140   3.556410
0.122951350000000E+11   0.954200   2.638140   3.556410
0.122951350000000E+11   0.954200   2.638140   3.556410
0.122951350000000E+11   0.954200   2.638140   3.556410
0.122951350000000E+11   0.954200   2.638140   3.556410
0.122951350000000E+11   0.954200   2.638140   3.556410
0.122951350000000E+11   0.954200   2.638140   3.556410
0.122951350000000E+11   0.954200   2.638140   3.556410
0.122951350000000E+11   0.954200   2.638140   3.556410
0.122951350000000E+11   0.954200   2.638140   3.556410
0.122951350000000E+11   0.954200   2.638140   3.556410
0.122951350000000E+11   0.954200   2.638140   3.556410
0.122951350000000E+11   0.954200   2.638140   3.556410
0.122951350000000E+11   0.954200   2.638140   3.556410
0.122951350000000E+11   0.954200   2.638140   3.556410
0.122951350000000E+11   0.954200   2.638140   3.556410
0.122951350000000E+11   0.954200   2.638140   3.556410
0.122951350000000E+11   0.954200   2.638140   3.556410
0.122951350000000E+11   0.954200   2.638140   3.556410
0.122951350000000E+11   0.954200   2.638140   3.556410
0.122951350000000E+11   0.954200   2.638140   3.556410
0.122951350000000E+11   0.954200   2.638140   3.556410
0.122951350000000E+11   0.954200   2.638140   3.556410
0.122951350000000E+11   0.954200   2.638140   3.556410
0.122951350000000E+11   0.954200   2.638140   3.556410
0.122951350000000E+11   0.954200   2.638140   3.556410
0.122951350000000E+11   0.954200   2.638140   3.556410
0.122951350000000E+11   0.954200   2.638140   3.556410
0.122951350000000E+11   0.954200   2.638140   3.556410
0.122951350000000E+11   0.954200   2.638140   3.556410
0.122951350000000E+11   0.954200   2.638140   3.556410
0.122951350000000E+11   0.954200   2.638140   3.556410
0.122951350000000E+11   0.954200   2.638140   3.556410
0.122951350000000E+11   0.954200   2.638140   3.556410
0.122951350000000E+11   0.954200   2.638140   3.556410
0.122951350000000E+11   0.954200   2.638140   3.556410
0.122951350000000E+11   0.954200   2.638140   3.556410
0.122951350000000E+11   0.954200   2.638140   3.556410
0.122951350000000E+11   0.954200   2.638140   3.556410
0.122951350000000E+11   0.954200   2.638140   3.556410
0.122951350000000E+11   0.954200   2.638140   3.556410
0.122951350000000E+11   0.954200   2.638140   3.556410
0.122951350000000E+11   0.954200   2.638140   3.556410
0.122951350000000E+11   0.954200   2.638140   3.556410
0.122951350000000E+11   0.954200   2.638140   3.556410
0.122951350000000E+11   0.954200   2.638140   3.556410
0.122951350000000E+11   0.954200   2.638140   3.556410
0.122951350000000E+11   0.954200   2.638140   3.556410
0.122951350000000E+11   0.954200   2.638140   3.556410
0.122951350000000E+11   0.954200   2.638140   3.556410
0.122951350000000E+11   0.954200   2.638140   3.556410
0.122951350000000E+11   0.954200   2.638140   3.556410
0.122951350000000E+11   0.954200   2.638140   3.556410
0.122951350000000E+11   0.954200   2.638140   3.556410
0.122951350000000E+11   0.954200   2.638140   3.556410
0.122951350000000E+11   0.954200   2.638140   3.556410
0.122951350000000E+11   0.954200   2.638140   3.556410
0.122951350000000E+11   0.954200   2.638140   3.556410
0.122951350000000E+11   0.954200   2.638140   3.556410
0.122951350000000E+11   0.954200   2.638140   3.556410
0.122951350000000E+11   0.954200   2.638140   3.556410
0.122951350000000E+11   0.954200   2.638140   3.556410
0.122951350000000E+11   0.954200   2.638140   3.556410
0.122951350000000E+11   0.954200   2.638140   3.556410
0.122951350000000E+11   0.954200   2.638140   3.556410
0.122951350000000E+11   0.954200   2.638140   3.556410
0.122951350000000E+11   0.954200   2.638140   3.556410
0.122951350000000E+11   0.954200   2.638140   3.556410
0.122951350000000E+11   0.954200   2.638140   3.556410
0.122951350000000E+11   0.954200   2.638140   3.556410
0.122951350000000E+11   0.954200   2.638140   3.556410
0.122951350000000E+11   0.954200   2.638140   3.556410
0.122951350000000E+11   0.954200   2.638140   3.556410
0.122951350000000E+11   0.954200   2.638140   3.556410
0.122951350000000E+11   0.954200   2.638140   3.556410
0.122951350000000E+11   0.954200   2.638140   3.556410
0.122951350000000E+11   0.954200   2.638140   3.556410
0.122951350000000E+11   0.954200   2.638140   3.556410
0.122951350000000E+11   0.954200   2.638140   3.556410
0.122951350000000E+11   0.954200   2.638140   3.556410
0.122951350000000E+11   0.954200   2.638140   3.556410
0.122951350000000E+11   0.954200   2.638140   3.556410
0.122951350000000E+11   0.954200   2.638140   3.556410
0.122951350000000E+11   0.954200   2.638140   3.556410
0.122951350000000E+11   0.954200   2.638140   3.556410
0.122951350000000E+11   0.954200   2.638140   3.556410
0.122951350000000E+11   0.954200   2.638140   3.556410
0.122951350000000E+11   0.954200   2.638140   3.556410
0.122951350000000E+11   0.954200   2.638140   3.556410
0.122951350000000E+11   0.954200   2.638140   3.556410
0.122951350000000E+11   0.954200   2.638140   3.556410
0.122951350000000E+11   0.954200   2.638140   3.556410
0.122951350000000E+11   0.954200   2.638140   3.556410
0.122951350000000E+11   0.954200   2.638140   3.556410
0.122951350000000E+11   0.954200   2.638140   3.556410
0.122951350000000E+11   0.954200   2.638140   3.556410
0.122951350000000E+11   0.954200   2.638140   3.556410
0.122951350000000E+11   0.954200   2.638140   3.556410
0.122951350000000E+11   0.954200   2.638140   3.556410
0.122951350000000E+11   0.954200   2.638140   3.556410
0.122951350000000E+11   0.954200   2.638140   3.556410
0.122951350000000E+11   0.954200   2.638140   3.556410
0.122951350000000E+11   0.954200   2.638140   3.556410
0.122951350000000E+11   0.954200   2.638140   3.556410
0.122951350000000E+11   0.954200   2.638140   3.556410
0.122951350000000E+11   0.954200   2.638140   3.556410
0.122951350000000E+11   0.954200   2.638140   3.556410
0.122951350000000E+11   0.954200   2.638140   3.556410
0.122951350000000E+11   0.954200   2.638140   3.556410
0.122951350000000E+11   0.954200   2.638140   3.556410
0.122951350000000E+11   0.954200   2.638140   3.556410
0.122951350000000E+11   0.954200   2.638140   3.556410
0.122951350000000E+11   0.954200   2.638140   3.556410
0.122951350000000E+11   0.954200   2.638140   3.556410
0.122951350000000E+11   0.954200   2.638140   3.556410
0.122951350000000E+11   0.954200   2.638140   3.556410
0.122951350000000E+11   0.954200   2.638140   3.556410
0.122951350000000E+11   0.954200   2.638140   3.556410
0.122951350000000E+11   0.954200   2.638140   3.556410
0.122951350000000E+11   0.954200   2.638140   3.556410
0.122951350000000E+11   0.954200   2.638140   3.556410
0.122951350000000E+11   0.954200   2.638140   3.556410
0.122951350000000E+11   0.954200   2.638140   3.556410
0.122951350000000E+11   0.954200   2.638140   3.556410
0.122951350000000E+11   0.954200   2.638140   3.556410
0.122951350000000E+11   0.954200   2.638140   3.556410
0.122951350000000E+11   0.954200   2.638140   3.556410
0.122951350000000E+11   0.954200   2.638140   3.556410
