0.142938406265219E+07   4.000000   2.365394   4.186443
0.476456954389062E+07   4.000000   2.365564   4.182638
0.812189121195145E+07   4.000000   2.368189   4.180140
0.112969582751747E+08   4.000000   2.371368   4.178340
0.144912100336440E+08   4.000000   2.374769   4.176819
0.175991306635060E+08   4.000000   2.378425   4.175546
0.207070512933680E+08   4.000000   2.382046   4.174362
0.237286407946227E+08   4.000000   2.385902   4.173320
0.266638991672701E+08   4.000000   2.389526   4.172324
0.295818913141960E+08   4.000000   2.393464   4.171407
0.324567178968183E+08   4.000000   2.397169   4.170489
0.352538464636941E+08   4.000000   2.401056   4.169642
0.380509750305698E+08   4.000000   2.404785   4.168760
0.407704055816991E+08   4.000000   2.408637   4.167929
0.434898361328283E+08   4.000000   2.412421   4.167073
0.461315686682109E+08   4.000000   2.416051   4.166222
0.486956031878470E+08   4.000000   2.419845   4.165419
0.512130188980352E+08   4.000000   2.423386   4.164580
0.537304346082234E+08   4.000000   2.427118   4.163756
0.561779221042397E+08   4.000000   2.430613   4.162917
0.586254096002560E+08   4.000000   2.433801   4.162090
0.610029688821004E+08   4.000000   2.437218   4.161377
0.633105999497728E+08   4.000000   2.440499   4.160731
0.656531951245313E+08   4.000000   2.444342   4.159870
0.679188692637006E+08   4.000000   2.447884   4.158971
0.701216080101153E+08   4.000000   2.451446   4.158084
0.723243467565299E+08   4.000000   2.455115   4.157178
0.744641501101898E+08   4.000000   2.458570   4.156253
0.765410180710950E+08   4.000000   2.462177   4.155358
0.786052989534494E+08   4.000000   2.465560   4.154397
0.806444056787019E+08   4.000000   2.468933   4.153417
0.826835124039544E+08   4.000000   2.472560   4.152431
0.846093354222484E+08   4.000000   2.475801   4.151437
0.865351584405424E+08   4.000000   2.479288   4.150441
0.884609814588365E+08   4.000000   2.482573   4.149372
0.903301626236512E+08   4.000000   2.485791   4.148298
0.921143810082470E+08   4.000000   2.489106   4.147265
0.939495770609740E+08   4.000000   2.492310   4.146131
0.956828177774384E+08   4.000000   2.495467   4.145036
0.974160584939029E+08   4.000000   2.498623   4.143899
0.991492992103673E+08   4.000000   2.501705   4.142707
0.100800975657822E+09   4.000000   2.504874   4.141556
0.102452652105276E+09   4.000000   2.507845   4.140332
0.104058448651412E+09   4.000000   2.510808   4.139108
0.105664245197548E+09   4.000000   2.513857   4.137842
0.107224161842367E+09   4.000000   2.516699   4.136556
0.108738198585866E+09   4.000000   2.519681   4.135292
0.110238471358971E+09   4.000000   2.522428   4.133960
0.111683688250494E+09   4.000000   2.525085   4.132633
0.113128905142017E+09   4.000000   2.527960   4.131282
0.114574122033539E+09   4.000000   2.530638   4.129857
0.115978047013876E+09   4.000000   2.533318   4.128437
0.117340680083026E+09   4.000000   2.535970   4.127008
0.118699183961057E+09   4.000000   2.538500   4.125522
0.119999879163428E+09   4.000000   2.541031   4.124061
0.121300574365798E+09   4.000000   2.543548   4.122544
0.122564106848101E+09   4.000000   2.545907   4.121010
0.123827639330403E+09   4.000000   2.548467   4.119443
0.125076306724679E+09   4.000000   2.550837   4.117879
0.126280378854873E+09   4.000000   2.553093   4.116254
0.127451004537007E+09   4.000000   2.555430   4.114580
0.128621630219141E+09   4.000000   2.557608   4.112898
0.129758809453213E+09   4.000000   2.559715   4.111214
0.130869231528837E+09   4.000000   2.562029   4.109599
0.131982998249267E+09   4.000000   2.564109   4.107833
0.133066663166442E+09   4.000000   2.566109   4.106061
0.134120226280362E+09   4.000000   2.568262   4.104295
0.135143687591027E+09   4.000000   2.570107   4.102448
0.136167148901693E+09   4.000000   2.572066   4.100634
0.137160508409104E+09   4.000000   2.573985   4.098830
0.138153867916515E+09   4.000000   2.575826   4.096986
0.139117125620671E+09   4.000000   2.577790   4.095166
0.140065332423199E+09   4.000000   2.579648   4.093417
0.140986447602797E+09   4.000000   2.581485   4.091620
0.141880471159466E+09   4.000000   2.583321   4.089851
0.142774494716135E+09   4.000000   2.585035   4.087998
0.143641426649875E+09   4.000000   2.586963   4.086297
0.144508358583614E+09   4.000000   2.588806   4.084616
0.145348198894425E+09   4.000000   2.590759   4.083036
0.146160947582306E+09   4.000000   2.592771   4.081560
0.146946604647257E+09   4.000000   2.594837   4.080236
0.147732261712209E+09   4.000000   2.597153   4.079065
0.148474572180474E+09   4.000000   2.599499   4.078150
0.149206045999567E+09   4.000000   2.602254   4.077518
0.149913137358023E+09   4.000000   2.605254   4.077265
0.150083814582478E+09   4.000000   2.606128   4.077295
0.150230109346297E+09   4.000000   2.606937   4.077367
0.150376404110116E+09   4.000000   2.607703   4.077465
0.150522698873934E+09   4.000000   2.608506   4.077595
0.150693376098389E+09   4.000000   2.609491   4.077792
0.150839670862208E+09   4.000000   2.610382   4.078003
0.150985965626027E+09   4.000000   2.611373   4.078276
0.151132260389845E+09   4.000000   2.612415   4.078603
0.151278555153664E+09   4.000000   2.613612   4.078999
0.151424849917482E+09   4.000000   2.614894   4.079497
0.151571144681301E+09   4.000000   2.616181   4.080074
0.151693056984483E+09   4.000000   2.617365   4.080639
0.151851542978620E+09   4.000000   2.619202   4.081596
0.151983208266057E+09   4.000000   2.620606   4.082428
0.152114873553493E+09   4.000000   2.622323   4.083393
0.152268483055503E+09   4.000000   2.624700   4.084751
0.152400148342940E+09   4.000000   2.626978   4.086187
0.152531813630376E+09   4.000000   2.629505   4.087881
0.152663478917813E+09   4.000000   2.632421   4.089904
0.152795144205250E+09   4.000000   2.635891   4.092341
0.152926809492687E+09   4.000000   2.641321   4.095716
0.153049697094294E+09   4.000000   2.647100   4.099785
0.153172584695902E+09   4.000000   2.655004   4.105116
0.153294489196696E+09   4.000000   2.667191   4.112638
0.153435044524341E+09   4.000000   2.686202   4.123444
0.153485199518954E+09   4.000000   2.665061   4.115835
0.153531061407818E+09   4.000000   2.666645   4.106829
0.153579293686444E+09   4.000000   2.683060   4.101220
0.153621965855172E+09   4.000000   2.691924   4.097557
0.153676307555757E+09   4.000000   2.698193   4.093762
0.153723856543769E+09   4.000000   2.701665   4.090987
0.153768235599247E+09   4.000000   2.703971   4.088720
0.153812614654724E+09   4.000000   2.705740   4.086652
0.153863650568524E+09   4.000000   2.707358   4.084451
0.153921343340645E+09   4.000000   2.708787   4.082096
0.153950189726705E+09   4.000000   2.709405   4.080961
0.154016536414644E+09   4.000000   2.710644   4.078426
0.154054036716523E+09   4.000000   2.711264   4.077025
0.154091537018402E+09   4.000000   2.711787   4.075610
0.154166537622159E+09   4.000000   2.712817   4.072805
0.154211537984413E+09   4.000000   2.713318   4.071096
0.154256538346668E+09   4.000000   2.713762   4.069363
0.154301538708922E+09   4.000000   2.714161   4.067601
0.154346539071177E+09   4.000000   2.714499   4.065797
0.154391539433431E+09   4.000000   2.714821   4.063957
0.154436539795685E+09   4.000000   2.715095   4.062071
0.154481540157940E+09   4.000000   2.715312   4.060132
0.154526540520194E+09   4.000000   2.715496   4.058136
0.154571540882448E+09   4.000000   2.715572   4.056041
0.154616541244703E+09   4.000000   2.715624   4.053863
0.154661541606957E+09   4.000000   2.715618   4.051597
0.154706541969212E+09   4.000000   2.715608   4.049244
0.154751542331466E+09   4.000000   2.715441   4.046764
0.154796542693720E+09   4.000000   2.715138   4.044142
0.154841543055975E+09   4.000000   2.714784   4.041393
0.154886543418229E+09   4.000000   2.714358   4.038510
0.154931543780484E+09   4.000000   2.713806   4.035454
0.154976544142738E+09   4.000000   2.713121   4.032212
0.155021544504992E+09   4.000000   2.712294   4.028780
0.155066544867247E+09   4.000000   2.711278   4.025132
0.155111545229501E+09   4.000000   2.710125   4.021274
0.155156545591755E+09   4.000000   2.708758   4.017165
0.155201545954010E+09   4.000000   2.707138   4.012735
0.155246546316264E+09   4.000000   2.705204   4.007975
0.155291546678519E+09   4.000000   2.703004   4.002873
0.155381547403027E+09   4.000000   2.697497   3.991420
0.155426547765282E+09   4.000000   2.693992   3.984942
0.155471548127536E+09   4.000000   2.689874   3.977880
0.155516548489790E+09   4.000000   2.685113   3.970141
0.155552548779594E+09   4.000000   2.680727   3.963484
0.155588549069398E+09   4.000000   2.675745   3.956285
0.155624549359201E+09   4.000000   2.670003   3.948445
0.155696549938808E+09   4.000000   2.656079   3.930691
0.155732550228611E+09   4.000000   2.647570   3.920558
0.155768550518415E+09   4.000000   2.637698   3.909395
0.155804550808219E+09   4.000000   2.626272   3.897062
0.155876551387825E+09   4.000000   2.597339   3.868028
0.155894551532727E+09   4.000000   2.588954   3.859955
0.155948551967432E+09   4.000000   2.558758   3.832683
0.156002552402138E+09   4.000000   2.519327   3.799627
0.156038552691941E+09   4.000000   2.486391   3.774115
0.156088953097666E+09   4.000000   2.429553   3.742102
0.156132153445430E+09   4.000000   2.368808   3.723902
0.156175353793195E+09   4.000000   2.305832   3.707905
0.156218554140959E+09   4.000000   2.273077   3.694488
0.156261754488723E+09   4.000000   2.303284   3.681866
0.156304954836488E+09   3.999989   2.375952   3.670300
0.156348155184252E+09   3.999975   2.448371   3.661813
0.156380555445075E+09   3.999961   2.487928   3.657902
0.156422675784145E+09   3.999941   2.526581   3.654207
0.156467604145820E+09   3.999916   2.559507   3.650338
0.156501300417076E+09   3.999895   2.582626   3.647877
0.156548475196834E+09   3.999863   2.614746   3.645305
0.156588910722342E+09   3.999832   2.641390   3.642952
0.156629346247849E+09   3.999797   2.667896   3.640587
0.156669781773356E+09   3.999759   2.694692   3.638583
0.156702130193762E+09   3.999726   2.716209   3.637240
0.156742565719270E+09   3.999681   2.742197   3.634226
0.156776531560696E+09   3.999639   2.763910   3.632155
0.156820525412448E+09   3.999580   2.791831   3.629618
0.156856755643302E+09   3.999526   2.814482   3.627775
0.156896091322515E+09   3.999461   2.838701   3.625575
0.156938325420197E+09   3.999386   2.859747   3.623571
0.156976261577350E+09   3.999315   2.863739   3.623371
0.157015448360666E+09   3.999243   2.859824   3.623594
0.157882922320138E+09   3.997811   2.812517   3.628396
0.158766578204297E+09   3.996533   2.784097   3.631311
0.159646325621324E+09   3.995389   2.756649   3.634397
0.160698677967664E+09   3.994183   2.719655   3.638221
0.161992403399525E+09   3.992935   2.666032   3.642428
0.162876472548041E+09   3.992226   2.625618   3.645780
0.163331190839105E+09   3.991903   2.603035   3.648060
0.163798569242672E+09   3.991599   2.580244   3.650258
0.164254392928604E+09   3.991328   2.559186   3.652565
0.164685429573995E+09   3.991090   2.541507   3.655197
0.165216726775882E+09   3.990820   2.521068   3.657792
0.165638281010761E+09   3.990619   2.506782   3.659424
0.166065481061285E+09   3.990427   2.493878   3.661041
0.166470097849227E+09   3.990254   2.483051   3.662613
0.166867319936028E+09   3.990090   2.474292   3.664136
0.167249750538559E+09   3.989938   2.467202   3.665418
0.167623721607284E+09   3.989793   2.461659   3.666741
0.168019921452303E+09   3.989643   2.456979   3.668166
0.168438043816001E+09   3.989488   2.453648   3.669653
0.169102277382933E+09   3.989247   2.451562   3.672210
0.169173761025496E+09   3.989221   2.451672   3.672498
0.169243542676569E+09   3.989196   2.451674   3.672792
0.169313324327642E+09   3.989171   2.451779   3.673077
0.169383105978715E+09   3.989146   2.451895   3.673360
0.169452887629788E+09   3.989121   2.452149   3.673641
0.169520967289372E+09   3.989097   2.452420   3.673920
0.169610985619256E+09   3.989064   2.452815   3.674299
0.169681754425393E+09   3.989039   2.453219   3.674610
0.169750838259956E+09   3.989014   2.453641   3.674905
0.169819922094518E+09   3.988989   2.454140   3.675219
0.169890690900655E+09   3.988964   2.454665   3.675534
0.169958089763643E+09   3.988940   2.455152   3.675826
0.170027173598205E+09   3.988915   2.455861   3.676131
0.170096257432768E+09   3.988890   2.456516   3.676447
0.170163656295756E+09   3.988866   2.457216   3.676761
0.170232740130318E+09   3.988841   2.458242   3.677145
0.170296280408399E+09   3.988818   2.458862   3.677342
0.170388027110640E+09   3.988785   2.460288   3.677698
0.170461424472432E+09   3.988758   2.461458   3.678014
0.170529817468648E+09   3.988734   2.462568   3.678316
0.170598210464864E+09   3.988709   2.464285   3.678693
0.170666603461080E+09   3.988684   2.465134   3.678973
0.170733328335437E+09   3.988659   2.466406   3.679306
0.170801721331653E+09   3.988634   2.467741   3.679643
0.170868446206010E+09   3.988609   2.469085   3.679973
0.170935121036712E+09   3.988585   2.470556   3.680308
0.171002830102966E+09   3.988560   2.472174   3.680657
0.171068887728581E+09   3.988535   2.473739   3.681011
0.171136596794836E+09   3.988510   2.475396   3.681381
0.171202654420450E+09   3.988485   2.477177   3.681752
0.171268712046064E+09   3.988460   2.478937   3.682144
0.171334769671679E+09   3.988435   2.480760   3.682526
0.171400827297293E+09   3.988410   2.482760   3.682935
0.171466455548341E+09   3.988384   2.484730   3.683335
0.171533487523933E+09   3.988359   2.486942   3.683785
0.171598884573290E+09   3.988333   2.489330   3.684225
0.171664281622648E+09   3.988308   2.491656   3.684716
0.171729678672006E+09   3.988282   2.494025   3.685157
0.171795075721364E+09   3.988256   2.496443   3.685595
0.171858837844488E+09   3.988231   2.498901   3.686030
0.171923793463762E+09   3.988205   2.501470   3.686498
0.171988536542626E+09   3.988179   2.504277   3.687014
0.172053279621490E+09   3.988153   2.507068   3.687546
0.172118022700353E+09   3.988126   2.509897   3.688100
0.172182765779217E+09   3.988100   2.512952   3.688702
0.172247508858081E+09   3.988073   2.515918   3.689333
0.172311960593089E+09   3.988046   2.519007   3.689982
0.172376056241165E+09   3.988019   2.522152   3.690661
0.172438549498038E+09   3.987992   2.525367   3.691376
0.172502645146114E+09   3.987965   2.528963   3.692051
0.172566740794189E+09   3.987937   2.532694   3.692797
0.172630836442264E+09   3.987909   2.536396   3.693593
0.172701149368203E+09   3.987878   2.540392   3.694517
0.172774122263537E+09   3.987846   2.544658   3.695566
0.172842336057002E+09   3.987815   2.548733   3.696609
0.172916895319625E+09   3.987782   2.553439   3.697849
0.172981936378510E+09   3.987752   2.557673   3.699046
0.173059525602657E+09   3.987716   2.563051   3.700666
0.173141191790739E+09   3.987678   2.568317   3.702205
0.173236992511374E+09   3.987633   2.574376   3.703982
0.173326511217540E+09   3.987590   2.579722   3.705571
0.173422296233139E+09   3.987543   2.585606   3.707340
0.173523358140891E+09   3.987494   2.590942   3.709066
0.173615091257157E+09   3.987449   2.595525   3.710484
0.173736147874658E+09   3.987388   2.600927   3.712161
0.173848513168094E+09   3.987331   2.605373   3.713535
0.173980888719264E+09   3.987264   2.609802   3.714870
0.174578633874595E+09   3.986954   2.621743   3.719152
0.174648829940309E+09   3.986917   2.622183   3.719288
0.174716038939397E+09   3.986882   2.622493   3.719333
0.174941039733011E+09   3.986764   2.623332   3.719061
0.175078549345144E+09   3.986691   2.623251   3.718807
0.176112640130239E+09   3.986143   2.622126   3.715658
0.176246918631385E+09   3.986072   2.621955   3.715286
0.176397374751823E+09   3.985991   2.622046   3.714950
0.176556858239488E+09   3.985906   2.622397   3.714684
0.176771237119136E+09   3.985791   2.623266   3.714437
0.176989871976372E+09   3.985674   2.624253   3.714345
0.177219085874493E+09   3.985550   2.625712   3.714347
0.178283129534396E+09   3.984965   2.632535   3.714583
0.178458641890669E+09   3.984868   2.633301   3.714483
0.178874776448220E+09   3.984635   2.635993   3.714588
0.179013522895236E+09   3.984557   2.636842   3.714524
0.179236790565703E+09   3.984431   2.638005   3.714427
0.180600602893667E+09   3.983651   2.643448   3.713503
0.180775891029022E+09   3.983550   2.644590   3.713509
0.180901076951603E+09   3.983477   2.645509   3.713502
0.181026262874184E+09   3.983404   2.645855   3.713503
0.181163258789462E+09   3.983324   2.646726   3.713479
0.181319150693054E+09   3.983233   2.647096   3.713361
0.181635658497316E+09   3.983046   2.648142   3.713132
0.181758482421358E+09   3.982974   2.648373   3.712925
0.181886030342478E+09   3.982898   2.648772   3.712721
0.182083257220507E+09   3.982782   2.649657   3.712515
0.182372602041568E+09   3.982609   2.650930   3.712453
0.182495425965610E+09   3.982536   2.650731   3.712230
0.182625335885269E+09   3.982458   2.651142   3.712030
0.182882793726050E+09   3.982304   2.652209   3.711806
0.183107183587280E+09   3.982169   2.652416   3.711454
0.183932843796664E+09   3.981666   2.654475   3.710391
0.184055608670742E+09   3.981591   2.654272   3.710073
0.184183050301928E+09   3.981514   2.654469   3.709800
0.184363105450576E+09   3.981403   2.655080   3.709485
0.184621496280778E+09   3.981244   2.655619   3.709211
0.184743091965579E+09   3.981169   2.654901   3.708823
0.184974591442412E+09   3.981027   2.654783   3.708079
0.185146462266121E+09   3.980920   2.654291   3.707554
0.185370946607293E+09   3.980781   2.654005   3.706840
0.185551001755940E+09   3.980670   2.653651   3.706314
0.185828099614574E+09   3.980498   2.653597   3.705679
0.186122735312361E+09   3.980314   2.654327   3.705130
0.187426569904299E+09   3.979487   2.654094   3.702277
0.187588269572608E+09   3.979384   2.653546   3.701530
0.187701883959852E+09   3.979312   2.652007   3.700825
0.187826859785821E+09   3.979233   2.650942   3.699981
0.187945018748554E+09   3.979159   2.649232   3.699116
0.188081356013247E+09   3.979073   2.647681   3.698049
0.188217693277940E+09   3.978987   2.645693   3.696973
0.188357438974250E+09   3.978899   2.644447   3.696347
0.188760361037173E+09   3.978643   2.643548   3.695644
0.188870589715678E+09   3.978574   2.641197   3.694869
0.188994315783387E+09   3.978497   2.638647   3.693867
0.189113542721361E+09   3.978422   2.636035   3.692907
0.189250766178275E+09   3.978337   2.633259   3.691848
0.189377866593285E+09   3.978259   2.629978   3.690920
0.189620429299462E+09   3.978110   2.627105   3.689385
0.189747817658774E+09   3.978033   2.623208   3.688664
0.189875206018087E+09   3.977956   2.619623   3.687658
0.192248907352358E+09   3.976431   2.613424   3.682760
0.192364179620989E+09   3.976362   2.608624   3.681648
0.192761751416113E+09   3.976123   2.606296   3.680587
0.192869534124092E+09   3.976060   2.601350   3.679632
0.192981788667827E+09   3.975995   2.594965   3.677973
0.193099088359594E+09   3.975927   2.590247   3.676503
0.193221433199395E+09   3.975857   2.586183   3.674968
0.193369003779361E+09   3.975774   2.582924   3.673191
0.193497655054203E+09   3.975701   2.579541   3.671786
0.193631225348377E+09   3.975626   2.576642   3.670155
0.193778291413540E+09   3.975543   2.574831   3.668334
0.193923970062993E+09   3.975461   2.573875   3.666622
0.193979314075628E+09   3.975430   2.574347   3.665949
0.194013652614428E+09   3.975410   2.574697   3.665591
0.194049364694779E+09   3.975390   2.574579   3.665233
0.194086450316682E+09   3.975368   2.574629   3.664817
0.194122162397034E+09   3.975348   2.574817   3.664388
0.194160621560489E+09   3.975326   2.575037   3.663898
0.194200454265496E+09   3.975303   2.575788   3.663346
0.194238913428952E+09   3.975281   2.576547   3.662783
0.194277372592407E+09   3.975258   2.577644   3.662273
0.194315831755863E+09   3.975236   2.578713   3.661722
0.194353329440232E+09   3.975213   2.579895   3.661150
0.194397145415740E+09   3.975187   2.581913   3.660417
0.194437939599834E+09   3.975163   2.584012   3.659721
0.194477222888221E+09   3.975139   2.586361   3.658993
0.194522549759437E+09   3.975111   2.589865   3.658044
0.194564854839238E+09   3.975084   2.594034   3.657067
0.194608821904317E+09   3.975056   2.599720   3.655763
0.194653695506821E+09   3.975026   2.607971   3.654252
0.194701228285770E+09   3.974993   2.621005   3.652093
0.194788779063537E+09   3.974923   2.695520   3.643132
0.195231039803539E+09   3.974482   2.726482   3.639874
0.195531944297267E+09   3.974112   2.799075   3.631766
0.195531944297267E+09   3.974112   2.799075   3.631766
0.195531944297267E+09   3.974112   2.799075   3.631766
0.195531944297267E+09   3.974112   2.799075   3.631766
0.195531944297267E+09   3.974112   2.799075   3.631766
0.195531944297267E+09   3.974112   2.799075   3.631766
0.195531944297267E+09   3.974112   2.799075   3.631766
0.195531944297267E+09   3.974112   2.799075   3.631766
0.195531944297267E+09   3.974112   2.799075   3.631766
0.195531944297267E+09   3.974112   2.799075   3.631766
0.195531944297267E+09   3.974112   2.799075   3.631766
0.195531944297267E+09   3.974112   2.799075   3.631766
0.195531944297267E+09   3.974112   2.799075   3.631766
0.195531944297267E+09   3.974112   2.799075   3.631766
0.195531944297267E+09   3.974112   2.799075   3.631766
0.195531944297267E+09   3.974112   2.799075   3.631766
0.195531944297267E+09   3.974112   2.799075   3.631766
0.195531944297267E+09   3.974112   2.799075   3.631766
0.195531944297267E+09   3.974112   2.799075   3.631766
0.195531944297267E+09   3.974112   2.799075   3.631766
0.195531944297267E+09   3.974112   2.799075   3.631766
0.195531944297267E+09   3.974112   2.799075   3.631766
0.195531944297267E+09   3.974112   2.799075   3.631766
0.195531944297267E+09   3.974112   2.799075   3.631766
0.195531944297267E+09   3.974112   2.799075   3.631766
0.195531944297267E+09   3.974112   2.799075   3.631766
0.195531944297267E+09   3.974112   2.799075   3.631766
0.195531944297267E+09   3.974112   2.799075   3.631766
0.195531944297267E+09   3.974112   2.799075   3.631766
