0.486703951964920E+07   2.500000   1.596045   4.048683
0.166594012453113E+08   2.500000   1.595877   4.046490
0.279334174006146E+08   2.500000   1.597852   4.044429
0.388186743781488E+08   2.500000   1.600032   4.042644
0.499371868623446E+08   2.500000   1.602612   4.041043
0.607835679221020E+08   2.500000   1.605354   4.039623
0.712800657218671E+08   2.500000   1.608484   4.038405
0.817765635216321E+08   2.500000   1.611463   4.037198
0.919231780614050E+08   2.500000   1.614428   4.036075
0.102244734231174E+09   2.500000   1.617690   4.034989
0.112006477184955E+09   2.500000   1.620880   4.034002
0.122083115072730E+09   2.500000   1.624057   4.032945
0.131529963092518E+09   2.500000   1.627087   4.031955
0.141291706046300E+09   2.500000   1.630376   4.030960
0.150738554066089E+09   2.500000   1.633744   4.030001
0.159807528165086E+09   2.500000   1.636797   4.029031
0.168876502264083E+09   2.500000   1.639907   4.028059
0.177945476363080E+09   2.500000   1.643335   4.027114
0.186731045021483E+09   2.500000   1.646381   4.026119
0.195289889327412E+09   2.500000   1.649582   4.025329
0.203962095809578E+09   2.500000   1.652822   4.024373
0.212124172498675E+09   2.500000   1.655981   4.023355
0.220286249187773E+09   2.500000   1.658982   4.022367
0.228218767469989E+09   2.500000   1.662077   4.021565
0.236023753303938E+09   2.500000   1.665379   4.020611
0.243599180731006E+09   2.500000   1.668247   4.019547
0.251174608158075E+09   2.500000   1.671168   4.018499
0.258451609656198E+09   2.500000   1.673954   4.017418
0.265682699472945E+09   2.500000   1.677061   4.016369
0.272913789289693E+09   2.500000   1.679923   4.015241
0.279731673974056E+09   2.500000   1.682540   4.014125
0.286756161224611E+09   2.500000   1.685273   4.012943
0.293470744625876E+09   2.500000   1.688236   4.011829
0.300350610080094E+09   2.500000   1.690922   4.010584
0.306858590915166E+09   2.500000   1.693498   4.009375
0.313366571750237E+09   2.500000   1.696039   4.008119
0.319874552585309E+09   2.500000   1.698874   4.006862
0.325973460339319E+09   2.500000   1.701482   4.005779
0.332165339248116E+09   2.500000   1.703731   4.004261
0.338357218156914E+09   2.500000   1.706225   4.002906
0.344381748987095E+09   2.500000   1.708825   4.001567
0.350238931738660E+09   2.500000   1.711095   4.000178
0.356179788529532E+09   2.500000   1.713589   3.998894
0.361752479547449E+09   2.500000   1.716069   3.997517
0.367475783836121E+09   2.500000   1.718301   3.996003
0.372897861583284E+09   2.500000   1.720228   3.994344
0.378470552601201E+09   2.500000   1.722343   3.992794
0.383892630348363E+09   2.500000   1.724693   3.991282
0.389164094824771E+09   2.500000   1.726690   3.989720
0.394435559301179E+09   2.500000   1.728649   3.988107
0.399646778469286E+09   2.500000   1.731169   3.986708
0.404662200385412E+09   2.500000   1.732924   3.985046
0.409542070357860E+09   2.500000   1.734509   3.983175
0.414557492273986E+09   2.500000   1.736443   3.981454
0.419301810302755E+09   2.500000   1.738220   3.979760
0.424181680275202E+09   2.500000   1.739954   3.977964
0.428790446360291E+09   2.500000   1.741710   3.976232
0.433399212445380E+09   2.500000   1.743336   3.974428
0.437872426586790E+09   2.500000   1.744856   3.972622
0.442332085533832E+09   2.500000   1.746635   3.970998
0.446723968509033E+09   2.500000   1.747956   3.968880
0.450993854734923E+09   2.500000   1.749304   3.966998
0.455263740960814E+09   2.500000   1.750795   3.965081
0.459411630437393E+09   2.500000   1.752085   3.963137
0.463437523164661E+09   2.500000   1.753300   3.961205
0.467463415891929E+09   2.500000   1.754657   3.959242
0.471367311869885E+09   2.500000   1.756074   3.957539
0.475210209473187E+09   2.500000   1.756832   3.955220
0.478943310002108E+09   2.500000   1.758056   3.953258
0.482676410531030E+09   2.500000   1.759040   3.951222
0.486409511059951E+09   2.500000   1.760009   3.949145
0.489923017440112E+09   2.500000   1.761094   3.947179
0.493546320894653E+09   2.500000   1.762038   3.945103
0.496895131663245E+09   2.500000   1.763205   3.943424
0.500254922139275E+09   2.500000   1.764245   3.941412
0.503614712615304E+09   2.500000   1.764888   3.939111
0.506875685724392E+09   2.500000   1.765775   3.937178
0.510136658833480E+09   2.500000   1.766893   3.935258
0.513288932838931E+09   2.500000   1.768402   3.933549
0.516312744267357E+09   2.500000   1.769433   3.931974
0.519336555695783E+09   2.500000   1.770743   3.930361
0.522271431493962E+09   2.500000   1.772310   3.928940
0.525081797409793E+09   2.500000   1.774122   3.927796
0.527803227695378E+09   2.500000   1.776274   3.926994
0.530444615913739E+09   2.500000   1.779211   3.926698
0.531004910384301E+09   2.500000   1.779911   3.926713
0.531565204854862E+09   2.500000   1.780661   3.926762
0.532045457258201E+09   2.500000   1.781354   3.926836
0.532605751728762E+09   2.500000   1.782232   3.926968
0.533086004132101E+09   2.500000   1.783019   3.927118
0.533566256535439E+09   2.500000   1.783958   3.927316
0.534070521558944E+09   2.500000   1.785036   3.927571
0.534574786582449E+09   2.500000   1.786119   3.927899
0.535079051605955E+09   2.500000   1.787286   3.928290
0.535583316629460E+09   2.500000   1.788578   3.928766
0.536087581652965E+09   2.500000   1.789975   3.929327
0.536527012602020E+09   2.500000   1.791335   3.929904
0.537081704127876E+09   2.500000   1.793337   3.930794
0.537557154007180E+09   2.500000   1.795239   3.931711
0.538032603886485E+09   2.500000   1.797541   3.932823
0.538508053765790E+09   2.500000   1.800281   3.934197
0.538904261998543E+09   2.500000   1.802798   3.935573
0.539379711877848E+09   2.500000   1.806264   3.937539
0.539855161757153E+09   2.500000   1.810485   3.939961
0.540330611636457E+09   2.500000   1.815703   3.943003
0.540726819869212E+09   2.500000   1.821558   3.946317
0.541138876431276E+09   2.500000   1.830709   3.951050
0.541563611656789E+09   2.500000   1.842275   3.957835
0.541986318296151E+09   2.500000   1.860427   3.967226
0.542325218970119E+09   2.500000   1.882998   3.977948
0.542676679919248E+09   2.500000   1.856357   3.968626
0.542938822523594E+09   2.500000   1.872961   3.960610
0.543169475551938E+09   2.500000   1.880999   3.956415
0.543414444975145E+09   2.500000   1.885130   3.953162
0.543648279424570E+09   2.500000   1.887376   3.950739
0.543944469727175E+09   2.500000   1.889119   3.948223
0.544162715213304E+09   2.500000   1.890018   3.946608
0.544424609796660E+09   2.500000   1.890877   3.944850
0.544730153477242E+09   2.500000   1.891653   3.942950
0.544882925317532E+09   2.500000   1.892005   3.942044
0.545249577734230E+09   2.500000   1.892679   3.939923
0.545463458310637E+09   2.500000   1.892994   3.938706
0.545677338887044E+09   2.500000   1.893364   3.937517
0.545891219463452E+09   2.500000   1.893660   3.936311
0.546105100039859E+09   2.500000   1.893874   3.935083
0.546383144789188E+09   2.500000   1.894265   3.933502
0.546661189538517E+09   2.500000   1.894447   3.931850
0.546939234287846E+09   2.500000   1.894583   3.930151
0.547217279037175E+09   2.500000   1.894730   3.928408
0.547495323786505E+09   2.500000   1.894782   3.926602
0.547745564060901E+09   2.500000   1.894897   3.924919
0.547745564060901E+09   2.500000   1.894897   3.924919
0.547995804335297E+09   2.500000   1.894760   3.923113
0.548246044609694E+09   2.500000   1.894617   3.921234
0.548496284884090E+09   2.500000   1.894393   3.919276
0.548746525158486E+09   2.500000   1.894096   3.917235
0.548996765432882E+09   2.500000   1.893810   3.915087
0.549247005707279E+09   2.500000   1.893286   3.912792
0.549497245981675E+09   2.500000   1.892666   3.910374
0.549747486256071E+09   2.500000   1.891940   3.907825
0.549997726530468E+09   2.500000   1.891130   3.905133
0.550247966804864E+09   2.500000   1.890119   3.902270
0.550498207079260E+09   2.500000   1.888944   3.899230
0.550748447353657E+09   2.500000   1.887572   3.895983
0.550998687628053E+09   2.500000   1.886003   3.892498
0.551248927902449E+09   2.500000   1.884117   3.888755
0.551449120121966E+09   2.500000   1.882422   3.885580
0.551649312341483E+09   2.500000   1.880514   3.882202
0.552049696780517E+09   2.500000   1.875978   3.874728
0.552249889000034E+09   2.500000   1.873199   3.870571
0.552450081219551E+09   2.500000   1.870119   3.866125
0.552650273439068E+09   2.500000   1.866654   3.861367
0.552850465658585E+09   2.500000   1.862763   3.856254
0.553250850097619E+09   2.500000   1.854150   3.845213
0.553431023095184E+09   2.500000   1.849251   3.839643
0.553611196092750E+09   2.500000   1.843669   3.833626
0.553971542087881E+09   2.500000   1.830324   3.820038
0.554151715085446E+09   2.500000   1.822346   3.812718
0.554331888083011E+09   2.500000   1.813099   3.804906
0.554692234078142E+09   2.500000   1.790478   3.789374
0.554872407075708E+09   2.500000   1.776633   3.781934
0.555052580073273E+09   2.500000   1.760653   3.774738
0.555304822269864E+09   2.500000   1.734106   3.766144
0.555557064466456E+09   2.500000   1.701679   3.756832
0.555809306663047E+09   2.500000   1.663732   3.749194
0.556061548859638E+09   2.500000   1.617186   3.740462
0.556313791056230E+09   2.500000   1.567946   3.730695
0.556566033252821E+09   2.500000   1.527679   3.723084
0.556818275449413E+09   2.500000   1.504041   3.716314
0.556944396547708E+09   2.500000   1.500568   3.712571
0.557448880940891E+09   2.500000   1.534878   3.700536
0.557915529004585E+09   2.499988   1.594865   3.691953
0.558369564958450E+09   2.499974   1.656075   3.687182
0.558778197316928E+09   2.499958   1.706372   3.683540
0.559254935068485E+09   2.499936   1.762553   3.678700
0.559677188505579E+09   2.499911   1.812532   3.675112
0.560126684099905E+09   2.499880   1.866343   3.671911
0.560562122741100E+09   2.499843   1.916836   3.667827
0.561001562710348E+09   2.499798   1.965286   3.664047
0.561461986114657E+09   2.499742   2.014157   3.660305
0.561903340554618E+09   2.499677   2.060751   3.657489
0.562356153531823E+09   2.499598   2.107059   3.653516
0.562806895952893E+09   2.499503   2.154507   3.649832
0.563259598004679E+09   2.499390   2.200215   3.646433
0.563708909776782E+09   2.499256   2.248031   3.642816
0.564158725304557E+09   2.499095   2.296428   3.639585
0.564607784839849E+09   2.498903   2.344258   3.636023
0.565509222589936E+09   2.498393   2.440470   3.628174
0.565884009444737E+09   2.498120   2.467612   3.625967
0.565958196760928E+09   2.498071   2.376820   3.633133
0.566353948456138E+09   2.497942   2.173570   3.648944
0.567404543590526E+09   2.497747   2.067093   3.657766
0.568386211731755E+09   2.497593   2.028273   3.660382
0.569062368523995E+09   2.497509   1.959940   3.665405
0.569775150475815E+09   2.497440   1.905611   3.669508
0.570434948635990E+09   2.497386   1.866643   3.673208
0.571088148814564E+09   2.497340   1.826573   3.676380
0.571717519282916E+09   2.497301   1.793330   3.678452
0.572323471315237E+09   2.497268   1.766634   3.680356
0.573061152050238E+09   2.497232   1.738918   3.682837
0.573667104082560E+09   2.497205   1.718606   3.684191
0.574365266206757E+09   2.497176   1.698969   3.686017
0.575287367125508E+09   2.497140   1.676687   3.687693
0.575906492028097E+09   2.497118   1.664400   3.688810
0.576591481282027E+09   2.497094   1.652307   3.690010
0.577329162017027E+09   2.497070   1.641218   3.691097
0.578093188492563E+09   2.497046   1.632033   3.692460
0.579865861644512E+09   2.496993   1.617888   3.694650
0.580609206713729E+09   2.496972   1.615107   3.694929
0.581261263791989E+09   2.496953   1.614594   3.695085
0.581274304933554E+09   2.496952   1.615155   3.695243
0.581274304933554E+09   2.496952   1.615155   3.695243
0.581274304933554E+09   2.496952   1.615155   3.695243
0.581274304933554E+09   2.496952   1.615155   3.695243
0.581287346075119E+09   2.496952   1.615144   3.695245
0.581287346075119E+09   2.496952   1.615144   3.695245
0.581287346075119E+09   2.496952   1.615144   3.695245
0.581287346075119E+09   2.496952   1.615144   3.695245
0.581287346075119E+09   2.496952   1.615144   3.695245
0.581300387216684E+09   2.496952   1.615136   3.695246
0.581300387216684E+09   2.496952   1.615136   3.695246
0.581300387216684E+09   2.496952   1.615136   3.695246
0.581300387216684E+09   2.496952   1.615136   3.695246
0.581300387216684E+09   2.496952   1.615136   3.695246
0.581313428358250E+09   2.496951   1.615131   3.695247
0.581313428358250E+09   2.496951   1.615131   3.695247
0.581313428358250E+09   2.496951   1.615131   3.695247
0.581313428358250E+09   2.496951   1.615131   3.695247
0.581313428358250E+09   2.496951   1.615131   3.695247
0.581326469499815E+09   2.496951   1.615129   3.695248
0.581326469499815E+09   2.496951   1.615129   3.695248
0.581326469499815E+09   2.496951   1.615129   3.695248
0.581326469499815E+09   2.496951   1.615129   3.695248
0.581326469499815E+09   2.496951   1.615129   3.695248
0.581339510641380E+09   2.496951   1.615128   3.695249
0.581339510641380E+09   2.496951   1.615128   3.695249
0.581339510641380E+09   2.496951   1.615128   3.695249
0.581339510641380E+09   2.496951   1.615128   3.695249
0.581339510641380E+09   2.496951   1.615128   3.695249
0.581352551782945E+09   2.496950   1.615129   3.695250
0.581352551782945E+09   2.496950   1.615129   3.695250
0.581352551782945E+09   2.496950   1.615129   3.695250
0.581352551782945E+09   2.496950   1.615129   3.695250
0.581365592924510E+09   2.496950   1.615130   3.695251
0.581365592924510E+09   2.496950   1.615130   3.695251
0.581365592924510E+09   2.496950   1.615130   3.695251
0.581378634066076E+09   2.496949   1.615132   3.695252
0.581378634066076E+09   2.496949   1.615132   3.695252
0.581378634066076E+09   2.496949   1.615132   3.695252
0.581378634066076E+09   2.496949   1.615132   3.695252
0.581391675207641E+09   2.496949   1.614618   3.695092
0.581391675207641E+09   2.496949   1.614618   3.695092
0.581391675207641E+09   2.496949   1.614618   3.695092
0.581391675207641E+09   2.496949   1.614618   3.695092
0.581391675207641E+09   2.496949   1.614618   3.695092
0.581404716349206E+09   2.496949   1.615183   3.695250
0.581404716349206E+09   2.496949   1.615183   3.695250
0.581404716349206E+09   2.496949   1.615183   3.695250
0.581404716349206E+09   2.496949   1.615183   3.695250
0.581404716349206E+09   2.496949   1.615183   3.695250
0.581417757490771E+09   2.496948   1.615175   3.695251
0.581417757490771E+09   2.496948   1.615175   3.695251
0.581417757490771E+09   2.496948   1.615175   3.695251
0.581417757490771E+09   2.496948   1.615175   3.695251
0.581417757490771E+09   2.496948   1.615175   3.695251
0.581430798632336E+09   2.496948   1.615170   3.695252
0.581430798632336E+09   2.496948   1.615170   3.695252
0.581430798632336E+09   2.496948   1.615170   3.695252
0.581430798632336E+09   2.496948   1.615170   3.695252
0.581430798632336E+09   2.496948   1.615170   3.695252
0.581443839773902E+09   2.496948   1.615168   3.695252
0.581443839773902E+09   2.496948   1.615168   3.695252
0.581443839773902E+09   2.496948   1.615168   3.695252
0.581443839773902E+09   2.496948   1.615168   3.695252
0.581443839773902E+09   2.496948   1.615168   3.695252
0.581456880915467E+09   2.496947   1.615167   3.695253
0.581456880915467E+09   2.496947   1.615167   3.695253
0.581456880915467E+09   2.496947   1.615167   3.695253
0.581456880915467E+09   2.496947   1.615167   3.695253
0.581456880915467E+09   2.496947   1.615167   3.695253
0.581469922057032E+09   2.496947   1.615169   3.695253
0.581469922057032E+09   2.496947   1.615169   3.695253
0.581469922057032E+09   2.496947   1.615169   3.695253
0.581469922057032E+09   2.496947   1.615169   3.695253
0.581469922057032E+09   2.496947   1.615169   3.695253
0.581469922057032E+09   2.496947   1.615169   3.695253
0.581482963198597E+09   2.496946   1.615172   3.695253
0.581482963198597E+09   2.496946   1.615172   3.695253
0.581482963198597E+09   2.496946   1.615172   3.695253
0.581482963198597E+09   2.496946   1.615172   3.695253
0.581482963198597E+09   2.496946   1.615172   3.695253
0.581482963198597E+09   2.496946   1.615172   3.695253
0.581482963198597E+09   2.496946   1.615172   3.695253
0.581482963198597E+09   2.496946   1.615172   3.695253
0.581482963198597E+09   2.496946   1.615172   3.695253
0.581482963198597E+09   2.496946   1.615172   3.695253
0.581482963198597E+09   2.496946   1.615172   3.695253
0.581482963198597E+09   2.496946   1.615172   3.695253
0.581482963198597E+09   2.496946   1.615172   3.695253
0.581482963198597E+09   2.496946   1.615172   3.695253
0.581482963198597E+09   2.496946   1.615172   3.695253
0.581482963198597E+09   2.496946   1.615172   3.695253
0.581496004340163E+09   2.496946   1.615177   3.695253
0.581496004340163E+09   2.496946   1.615177   3.695253
0.581496004340163E+09   2.496946   1.615177   3.695253
0.581496004340163E+09   2.496946   1.615177   3.695253
0.581496004340163E+09   2.496946   1.615177   3.695253
0.581496004340163E+09   2.496946   1.615177   3.695253
0.581496004340163E+09   2.496946   1.615177   3.695253
0.581496004340163E+09   2.496946   1.615177   3.695253
0.581496004340163E+09   2.496946   1.615177   3.695253
0.581496004340163E+09   2.496946   1.615177   3.695253
0.581496004340163E+09   2.496946   1.615177   3.695253
0.581496004340163E+09   2.496946   1.615177   3.695253
0.581496004340163E+09   2.496946   1.615177   3.695253
0.581496004340163E+09   2.496946   1.615177   3.695253
0.581496004340163E+09   2.496946   1.615177   3.695253
0.581496004340163E+09   2.496946   1.615177   3.695253
0.581509045481728E+09   2.496946   1.615182   3.695253
0.581509045481728E+09   2.496946   1.615182   3.695253
0.581509045481728E+09   2.496946   1.615182   3.695253
0.581509045481728E+09   2.496946   1.615182   3.695253
0.581509045481728E+09   2.496946   1.615182   3.695253
0.581509045481728E+09   2.496946   1.615182   3.695253
0.581509045481728E+09   2.496946   1.615182   3.695253
0.581509045481728E+09   2.496946   1.615182   3.695253
0.581509045481728E+09   2.496946   1.615182   3.695253
0.581509045481728E+09   2.496946   1.615182   3.695253
0.581509045481728E+09   2.496946   1.615182   3.695253
0.581509045481728E+09   2.496946   1.615182   3.695253
0.581509045481728E+09   2.496946   1.615182   3.695253
0.581509045481728E+09   2.496946   1.615182   3.695253
0.581509045481728E+09   2.496946   1.615182   3.695253
0.581509045481728E+09   2.496946   1.615182   3.695253
0.581522086623293E+09   2.496945   1.614669   3.695092
0.581522086623293E+09   2.496945   1.614669   3.695092
0.581522086623293E+09   2.496945   1.614669   3.695092
0.581522086623293E+09   2.496945   1.614669   3.695092
0.581522086623293E+09   2.496945   1.614669   3.695092
0.581522086623293E+09   2.496945   1.614669   3.695092
0.581522086623293E+09   2.496945   1.614669   3.695092
0.581522086623293E+09   2.496945   1.614669   3.695092
0.581522086623293E+09   2.496945   1.614669   3.695092
0.581522086623293E+09   2.496945   1.614669   3.695092
0.581522086623293E+09   2.496945   1.614669   3.695092
0.581522086623293E+09   2.496945   1.614669   3.695092
0.581522086623293E+09   2.496945   1.614669   3.695092
0.581522086623293E+09   2.496945   1.614669   3.695092
0.581522086623293E+09   2.496945   1.614669   3.695092
0.581522086623293E+09   2.496945   1.614669   3.695092
0.596882467502655E+09   2.496487   1.632075   3.694308
0.604070181157201E+09   2.496265   1.636853   3.694448
0.611456353766950E+09   2.496033   1.642293   3.694625
0.618571488067193E+09   2.495805   1.647838   3.694657
0.626268034385376E+09   2.495553   1.653955   3.694717
0.633092360209974E+09   2.495326   1.658796   3.694470
0.640107859369456E+09   2.495087   1.665543   3.694784
0.656808056823338E+09   2.494497   1.680826   3.694747
0.663981565186155E+09   2.494234   1.687398   3.694889
0.676456627456703E+09   2.493762   1.699353   3.695100
0.694620769242376E+09   2.493039   1.717084   3.694768
0.702277721355674E+09   2.492720   1.724700   3.694820
0.714541265230609E+09   2.492190   1.738387   3.695191
0.725179818465379E+09   2.491711   1.749329   3.694536
0.734499074041829E+09   2.491274   1.758937   3.693762
0.744004442680402E+09   2.490811   1.769631   3.693002
0.754224863557429E+09   2.490290   1.782679   3.691657
0.766816720037650E+09   2.489610   1.801042   3.689371
0.780984147325171E+09   2.488783   1.831296   3.684691
0.802673833153549E+09   2.487293   2.059621   3.662459
0.802825589727983E+09   2.487266   2.125158   3.657274
0.802825589727983E+09   2.487266   2.125158   3.657274
0.802825589727983E+09   2.487266   2.125158   3.657274
0.802825589727983E+09   2.487266   2.125158   3.657274
0.802825589727983E+09   2.487266   2.125158   3.657274
0.802825589727983E+09   2.487266   2.125158   3.657274
0.802825589727983E+09   2.487266   2.125158   3.657274
0.802825589727983E+09   2.487266   2.125158   3.657274
0.802825589727983E+09   2.487266   2.125158   3.657274
0.802825589727983E+09   2.487266   2.125158   3.657274
0.802825589727983E+09   2.487266   2.125158   3.657274
0.802825589727983E+09   2.487266   2.125158   3.657274
0.802825589727983E+09   2.487266   2.125158   3.657274
0.802825589727983E+09   2.487266   2.125158   3.657274
0.802825589727983E+09   2.487266   2.125158   3.657274
0.802825589727983E+09   2.487266   2.125158   3.657274
0.802825589727983E+09   2.487266   2.125158   3.657274
0.802825589727983E+09   2.487266   2.125158   3.657274
0.802825589727983E+09   2.487266   2.125158   3.657274
0.802825589727983E+09   2.487266   2.125158   3.657274
0.802825589727983E+09   2.487266   2.125158   3.657274
0.802825589727983E+09   2.487266   2.125158   3.657274
0.802825589727983E+09   2.487266   2.125158   3.657274
0.802825589727983E+09   2.487266   2.125158   3.657274
0.802825589727983E+09   2.487266   2.125158   3.657274
0.802825589727983E+09   2.487266   2.125158   3.657274
0.802825589727983E+09   2.487266   2.125158   3.657274
0.802825589727983E+09   2.487266   2.125158   3.657274
0.802825589727983E+09   2.487266   2.125158   3.657274
0.802825589727983E+09   2.487266   2.125158   3.657274
