0.117777499809661E+06   14.998921   4.266387   4.501169
0.365913946850963E+06   14.996683   4.270380   4.497269
0.608142383248425E+06   14.994474   4.274727   4.495084
0.850370819645887E+06   14.992232   4.279226   4.493543
0.108669124539951E+07   14.990007   4.283906   4.492376
0.132301167115313E+07   14.987742   4.288639   4.491401
0.155342408626291E+07   14.985493   4.293328   4.490571
0.178383650137269E+07   14.983201   4.298199   4.489828
0.200834090583863E+07   14.980924   4.302924   4.489155
0.222581477763840E+07   14.978677   4.307627   4.488515
0.244222520752228E+07   14.976397   4.312418   4.487883
0.265805074435242E+07   14.974080   4.317091   4.487259
0.286334820621523E+07   14.971834   4.321775   4.486674
0.306864566807805E+07   14.969545   4.326348   4.486071
0.327394312994086E+07   14.967211   4.331219   4.485468
0.346871251683635E+07   14.964956   4.335668   4.484876
0.366664032622204E+07   14.962620   4.340484   4.484255
0.385614567563388E+07   14.960342   4.344931   4.483653
0.404565102504571E+07   14.958021   4.349690   4.483034
0.423041874072224E+07   14.955715   4.354155   4.482395
0.441044882266347E+07   14.953427   4.358688   4.481778
0.458574127086940E+07   14.951158   4.363162   4.481104
0.476198124582239E+07   14.948835   4.367713   4.480458
0.493253606029302E+07   14.946545   4.372210   4.479741
0.509882700440189E+07   14.944273   4.376521   4.479051
0.526085407814899E+07   14.942018   4.381085   4.478441
0.541691173338963E+07   14.939807   4.385297   4.477838
0.557041106641320E+07   14.937594   4.389631   4.477038
0.572007291611119E+07   14.935398   4.394012   4.476279
0.586973476580918E+07   14.933164   4.398249   4.475534
0.601172164885599E+07   14.931007   4.402629   4.474675
0.615332478357023E+07   14.928818   4.406787   4.473797
0.629147418329144E+07   14.926646   4.411088   4.472893
0.642616984801963E+07   14.924493   4.415145   4.471978
0.655741177775478E+07   14.922359   4.419357   4.471014
0.668865370748993E+07   14.920189   4.423482   4.470008
0.681782339622926E+07   14.918017   4.427631   4.468957
0.694526621747208E+07   14.915839   4.431854   4.467896
0.706649231572744E+07   14.913732   4.435742   4.466849
0.719082677547652E+07   14.911535   4.439958   4.465731
0.730894451223816E+07   14.909413   4.443829   4.464615
0.742644057670105E+07   14.907268   4.447896   4.463422
0.754113911581960E+07   14.905140   4.451748   4.462235
0.765583765493816E+07   14.902978   4.455833   4.460984
0.776494114336801E+07   14.900887   4.459611   4.459765
0.787404463179785E+07   14.898763   4.463553   4.458463
0.798314812022770E+07   14.896605   4.467373   4.457135
0.808917433077874E+07   14.894475   4.471445   4.455737
0.819240301598542E+07   14.892366   4.475160   4.454376
0.829563170119210E+07   14.890225   4.478889   4.452958
0.839382484077894E+07   14.888156   4.482812   4.451500
0.849201798036578E+07   14.886053   4.486467   4.450013
0.859021111995262E+07   14.883919   4.490132   4.448485
0.868538293216755E+07   14.881818   4.494031   4.446864
0.877828874885356E+07   14.879733   4.497617   4.445294
0.886892857001065E+07   14.877669   4.501113   4.443708
0.895956839116773E+07   14.875574   4.504748   4.442003
0.904952841366614E+07   14.873461   4.508529   4.440220
0.913518304465960E+07   14.871418   4.511964   4.438508
0.922083767565307E+07   14.869345   4.515638   4.436657
0.930445291067050E+07   14.867289   4.519139   4.434851
0.938806814568793E+07   14.865202   4.522599   4.432973
0.946964398472933E+07   14.863135   4.526308   4.430966
0.954877254859951E+07   14.861099   4.529661   4.429020
0.962769717287209E+07   14.859037   4.533038   4.427017
0.970295088438780E+07   14.857042   4.536549   4.424948
0.977820459590351E+07   14.855016   4.539874   4.422901
0.985345830741922E+07   14.852960   4.543250   4.420770
0.992504110617807E+07   14.850975   4.546677   4.418557
0.999662390493692E+07   14.848959   4.549952   4.416388
0.100682067036958E+08   14.846913   4.553324   4.414115
0.101361185896978E+08   14.844942   4.556666   4.411872
0.102040304756997E+08   14.842942   4.559895   4.409626
0.102719423617017E+08   14.840911   4.563315   4.407201
0.103375966363582E+08   14.838916   4.566616   4.404885
0.104010316607075E+08   14.836960   4.569769   4.402644
0.104639042920452E+08   14.834991   4.573174   4.400242
0.105262194347291E+08   14.833010   4.576376   4.397973
0.105884579969289E+08   14.831000   4.579692   4.395639
0.106472940668530E+08   14.829068   4.583068   4.393518
0.107059266589939E+08   14.827114   4.586349   4.391452
0.107638873869490E+08   14.825150   4.589811   4.389526
0.108201168204327E+08   14.823213   4.593305   4.387801
0.108765156196799E+08   14.821237   4.596919   4.386660
0.109298658351840E+08   14.819335   4.600751   4.386021
0.109390115864132E+08   14.819005   4.601410   4.386034
0.109466330457710E+08   14.818730   4.601972   4.386071
0.109542545051287E+08   14.818453   4.602549   4.386137
0.109618759644864E+08   14.818177   4.603134   4.386232
0.109694974238442E+08   14.817899   4.603727   4.386358
0.109771188832019E+08   14.817621   4.604337   4.386518
0.109847403425596E+08   14.817341   4.604950   4.386692
0.109923618019174E+08   14.817061   4.605623   4.386880
0.109999832612751E+08   14.816781   4.606358   4.387085
0.110076047206328E+08   14.816499   4.607149   4.387412
0.110152261799905E+08   14.816216   4.607897   4.387831
0.110228476393483E+08   14.815932   4.608653   4.388327
0.110304690987060E+08   14.815647   4.609437   4.388903
0.110393099915610E+08   14.815316   4.610394   4.389687
0.110461693049829E+08   14.815058   4.611191   4.390394
0.110544004810893E+08   14.814747   4.612233   4.391393
0.110612597945112E+08   14.814487   4.613168   4.392369
0.110694909706176E+08   14.814173   4.614412   4.393754
0.110777221467239E+08   14.813858   4.615800   4.395425
0.110859533228303E+08   14.813543   4.615667   4.395934
0.110943161977543E+08   14.813220   4.618585   4.397808
0.111026132232695E+08   14.812895   4.621375   4.400830
0.111113251000605E+08   14.812551   4.625139   4.405222
0.111209792818921E+08   14.812160   4.632411   4.412988
0.111332651616882E+08   14.811635   4.654399   4.431206
0.111339790804340E+08   14.811603   4.651989   4.430574
0.111343360398069E+08   14.811587   4.650543   4.430076
0.111347643910543E+08   14.811569   4.649390   4.429558
0.111352641341763E+08   14.811547   4.647972   4.428682
0.111357638772983E+08   14.811525   4.646542   4.427467
0.111361136974838E+08   14.811510   4.645180   4.426226
0.111364635176692E+08   14.811495   4.644991   4.425235
0.111371631580400E+08   14.811465   4.643687   4.422316
0.111375129782254E+08   14.811450   4.644446   4.421109
0.111378977804294E+08   14.811433   4.645186   4.419538
0.111382825826333E+08   14.811417   4.645853   4.417756
0.111390521870412E+08   14.811383   4.647161   4.413719
0.111394369892452E+08   14.811366   4.647814   4.411518
0.111398217914492E+08   14.811349   4.648494   4.409231
0.111402065936531E+08   14.811332   4.649167   4.406859
0.111405913958571E+08   14.811315   4.649846   4.404412
0.111409761980610E+08   14.811298   4.650908   4.402026
0.111417458024689E+08   14.811263   4.653159   4.397088
0.111421306046729E+08   14.811245   4.654419   4.394576
0.111425154068769E+08   14.811228   4.655637   4.391997
0.111429002090808E+08   14.811210   4.656802   4.389341
0.111432850112848E+08   14.811192   4.657938   4.386636
0.111436698134887E+08   14.811174   4.659077   4.383896
0.111444394178966E+08   14.811137   4.661407   4.378326
0.111448242201006E+08   14.811118   4.662569   4.375491
0.111452090223046E+08   14.811100   4.663704   4.372625
0.111455938245085E+08   14.811081   4.664800   4.369723
0.111459786267125E+08   14.811062   4.665874   4.366790
0.111463634289164E+08   14.811043   4.666944   4.363832
0.111471330333243E+08   14.811004   4.669001   4.357778
0.111475178355283E+08   14.810985   4.670062   4.354724
0.111479026377323E+08   14.810965   4.671091   4.351648
0.111482874399362E+08   14.810945   4.672042   4.348532
0.111486722421402E+08   14.810925   4.672950   4.345382
0.111490570443441E+08   14.810905   4.673960   4.342252
0.111498266487520E+08   14.810864   4.677087   4.336341
0.111502114509560E+08   14.810844   4.678354   4.333264
0.111505962531599E+08   14.810823   4.679438   4.330134
0.111509810553639E+08   14.810802   4.680389   4.326965
0.111513658575679E+08   14.810780   4.681219   4.323759
0.111521354619758E+08   14.810737   4.682572   4.317257
0.111525202641797E+08   14.810716   4.683199   4.313965
0.111529050663837E+08   14.810694   4.683695   4.310640
0.111532898685877E+08   14.810672   4.684093   4.307273
0.111536746707916E+08   14.810650   4.684416   4.303863
0.111540594729956E+08   14.810627   4.685311   4.300598
0.111548290774035E+08   14.810582   4.686807   4.293849
0.111552138796074E+08   14.810559   4.687361   4.290390
0.111555986818114E+08   14.810536   4.687890   4.286929
0.111559834840153E+08   14.810513   4.688364   4.283447
0.111563682862193E+08   14.810489   4.688716   4.279922
0.111567530884233E+08   14.810465   4.689003   4.276357
0.111575226928312E+08   14.810418   4.689290   4.269046
0.111579074950351E+08   14.810393   4.689366   4.265342
0.111582922972391E+08   14.810369   4.689461   4.261601
0.111586770994431E+08   14.810344   4.689488   4.257810
0.111590619016470E+08   14.810319   4.689503   4.253936
0.111594467038510E+08   14.810294   4.689462   4.250008
0.111602163082589E+08   14.810244   4.689261   4.242052
0.111606011104628E+08   14.810218   4.689173   4.238029
0.111609859126668E+08   14.810192   4.689583   4.234050
0.111613707148708E+08   14.810166   4.689901   4.229982
0.111617555170747E+08   14.810139   4.690134   4.225857
0.111621403192787E+08   14.810113   4.690286   4.221676
0.111629099236866E+08   14.810058   4.690274   4.213138
0.111632947258905E+08   14.810030   4.690156   4.208772
0.111636795280945E+08   14.810002   4.690001   4.204401
0.111640643302984E+08   14.809973   4.689838   4.200022
0.111644491325024E+08   14.809945   4.689682   4.195588
0.111650263358083E+08   14.809901   4.689535   4.188827
0.111654111380123E+08   14.809871   4.689601   4.184299
0.111657959402163E+08   14.809841   4.689827   4.179764
0.111662480828059E+08   14.809805   4.690302   4.174409
0.111666809852853E+08   14.809769   4.691051   4.169276
0.111671312038640E+08   14.809732   4.692126   4.164033
0.111675467902442E+08   14.809697   4.693353   4.159318
0.111680316410212E+08   14.809654   4.694969   4.153901
0.111684472274015E+08   14.809617   4.696517   4.149327
0.111689320781785E+08   14.809572   4.698439   4.144179
0.111693476645588E+08   14.809533   4.700130   4.139957
0.112160032201882E+08   14.802687   4.730592   4.046304
0.112520037713335E+08   14.796000   4.731145   4.012881
0.112880043224789E+08   14.788001   4.733601   3.996405
0.113198470634919E+08   14.779447   4.734825   3.984509
0.113503766767962E+08   14.770617   4.736183   3.971922
0.113833003378136E+08   14.760317   4.737549   3.957192
0.114228214299674E+08   14.746732   4.738714   3.939041
0.114535965173202E+08   14.734991   4.739476   3.919659
0.114831960521779E+08   14.722545   4.740100   3.902128
0.115122810326998E+08   14.709099   4.740530   3.883177
0.115512963036692E+08   14.688866   4.740095   3.855484
0.115800625852791E+08   14.671779   4.739157   3.824559
0.116210808790681E+08   14.643000   4.734348   3.760996
0.116498452128640E+08   14.611225   4.701775   3.621965
0.116594759031687E+08   14.599046   4.633650   3.580996
0.117228598636862E+08   14.516021   4.679934   3.570801
0.117493913502418E+08   14.480402   4.682341   3.570900
0.117754519601239E+08   14.445091   4.684585   3.570997
0.118159527999657E+08   14.389596   4.688153   3.570693
0.118429560556030E+08   14.352161   4.690481   3.570316
0.118656511710763E+08   14.320450   4.692386   3.570068
0.118706447353876E+08   14.313436   4.692881   3.570064
0.118754956264329E+08   14.306610   4.693397   3.569891
0.118804178541113E+08   14.299673   4.693800   3.569909
0.118859107748537E+08   14.291917   4.694227   3.569983
0.118923310718255E+08   14.282832   4.694870   3.569881
0.118972532995038E+08   14.275855   4.695057   3.569858
0.119062474221949E+08   14.263078   4.695656   3.569762
0.119111204275964E+08   14.256141   4.696404   3.569653
0.119159934329980E+08   14.249190   4.696893   3.569631
0.119341122792536E+08   14.223251   4.698544   3.569475
0.119389447782426E+08   14.216303   4.698872   3.569369
0.119437772772317E+08   14.209343   4.699256   3.569311
0.119485365565391E+08   14.202476   4.699750   3.569246
0.119535154948914E+08   14.195282   4.700087   3.569156
0.119584212135621E+08   14.188182   4.700503   3.569144
0.119634001519145E+08   14.180962   4.701037   3.569101
0.119695506051733E+08   14.172026   4.701614   3.569156
0.119743831041623E+08   14.164994   4.701802   3.569114
0.119828853735959E+08   14.152591   4.702368   3.569070
0.119877420350800E+08   14.145495   4.703052   3.569040
0.119926711840489E+08   14.138278   4.703530   3.569009
0.119996154850963E+08   14.128087   4.704496   3.568979
0.120045671051855E+08   14.120807   4.704433   3.568894
0.120094469626647E+08   14.113620   4.705052   3.568904
0.120143985827539E+08   14.106314   4.705476   3.568931
0.120192784402331E+08   14.099102   4.705968   3.568806
0.120241582977123E+08   14.091876   4.706336   3.568778
0.120291099178015E+08   14.084533   4.706798   3.568808
0.120339897752807E+08   14.077284   4.707301   3.568753
0.120936150254973E+08   13.987744   4.712475   3.568377
0.120985039890871E+08   13.980317   4.712915   3.568318
0.121048308831447E+08   13.970685   4.713515   3.568291
0.121096479502112E+08   13.963339   4.713899   3.568311
0.121144650172777E+08   13.955980   4.714340   3.568216
0.121193539808675E+08   13.948499   4.714765   3.568160
0.121241710479340E+08   13.941115   4.715210   3.568097
0.121290600115239E+08   13.933608   4.715680   3.568033
0.121340927681606E+08   13.925866   4.716123   3.567969
0.121390953282575E+08   13.918156   4.716611   3.567920
0.121442201124441E+08   13.910244   4.717078   3.567861
0.121492025415145E+08   13.902538   4.717525   3.567795
0.121543273257012E+08   13.894595   4.718035   3.567730
0.121595944650042E+08   13.886418   4.718411   3.567704
0.121645768940746E+08   13.878670   4.718935   3.567636
0.121696781896670E+08   13.870719   4.719565   3.567630
0.121748926575769E+08   13.862577   4.719910   3.567570
0.121803185228345E+08   13.854090   4.720409   3.567451
0.121855329907444E+08   13.845918   4.720900   3.567326
0.121908179244368E+08   13.837620   4.721376   3.567109
0.121964241820977E+08   13.828799   4.721953   3.566965
0.122017260275779E+08   13.820438   4.722537   3.566911
0.122070278730581E+08   13.812061   4.722994   3.566792
0.122130273297857E+08   13.802562   4.723562   3.566634
0.122183989363906E+08   13.794039   4.724063   3.566476
0.122239100652451E+08   13.785276   4.724630   3.566361
0.122321418779643E+08   13.772148   4.725470   3.566221
0.122375832456940E+08   13.763451   4.725964   3.566134
0.122431641356731E+08   13.754511   4.726545   3.565987
0.122489543090265E+08   13.745214   4.727141   3.565803
0.122546747212551E+08   13.736009   4.727757   3.565634
0.122607718435574E+08   13.726172   4.728320   3.565477
0.122665271363485E+08   13.716864   4.729005   3.565371
0.122722056919024E+08   13.707658   4.729624   3.565111
0.122779609846936E+08   13.698302   4.730253   3.565074
0.122837930147219E+08   13.688801   4.730918   3.564903
0.122897017819875E+08   13.679149   4.731577   3.564559
0.122956872864903E+08   13.669342   4.732226   3.564468
0.123016727909930E+08   13.659508   4.733074   3.564255
0.123077350327330E+08   13.649519   4.733808   3.564411
0.123098069381378E+08   13.646098   4.734058   3.564381
0.123118021063054E+08   13.642802   4.734311   3.564340
0.123138740117102E+08   13.639374   4.734583   3.564292
0.123158691798778E+08   13.636071   4.734849   3.564255
0.123179410852826E+08   13.632637   4.735065   3.564219
0.123200129906874E+08   13.629200   4.735367   3.564173
0.123220848960922E+08   13.625759   4.735606   3.563940
0.123241568014970E+08   13.622313   4.736153   3.563970
0.123263054441391E+08   13.618737   4.736241   3.563972
0.123283773495439E+08   13.615284   4.736490   3.563934
0.123305259921859E+08   13.611700   4.736752   3.563852
0.123326746348279E+08   13.608112   4.737034   3.563815
0.123347465402327E+08   13.604648   4.737311   3.563756
0.123368951828747E+08   13.601050   4.737662   3.564008
0.123391205627540E+08   13.597321   4.737880   3.563978
0.123412692053960E+08   13.593716   4.738221   3.563948
0.123434178480380E+08   13.590107   4.738513   3.563907
0.123456432279173E+08   13.586364   4.738910   3.563850
0.123478686077965E+08   13.582617   4.744345   3.565234
0.123500939876757E+08   13.578854   4.739741   3.565434
0.123523193675549E+08   13.575095   4.739954   3.565404
0.123546214846714E+08   13.571202   4.740270   3.565363
0.123568468645506E+08   13.567434   4.740504   3.565331
0.123591489816671E+08   13.563532   4.740907   3.565273
0.123614510987835E+08   13.559623   4.741266   3.565208
0.123637532159000E+08   13.555709   4.741667   3.565236
0.123660553330164E+08   13.551790   4.741965   3.565186
0.123684341873701E+08   13.547734   4.742338   3.565147
0.123708130417238E+08   13.543673   4.742702   3.565132
0.123731151588402E+08   13.539738   4.743064   3.565099
0.123755707504311E+08   13.535534   4.743436   3.565085
0.123779496047848E+08   13.531455   4.743834   3.565054
0.123803284591384E+08   13.527372   4.744019   3.565066
0.123827840507293E+08   13.523151   4.744528   3.565016
0.123852396423202E+08   13.518922   4.744968   3.564956
0.123877719711483E+08   13.514553   4.745372   3.564922
0.123902275627392E+08   13.510312   4.745705   3.564883
0.123927598915673E+08   13.505930   4.746169   3.564789
0.123952922203954E+08   13.501540   4.746694   3.564806
0.123978245492235E+08   13.497142   4.746353   3.564802
0.124003568780516E+08   13.492741   4.747435   3.564730
0.124029659441169E+08   13.488195   4.747941   3.564651
0.124055750101822E+08   13.483641   4.748434   3.564581
0.124081840762475E+08   13.479078   4.748894   3.564588
0.124108698795500E+08   13.474373   4.749392   3.564518
0.124134789456153E+08   13.469792   4.749884   3.564457
0.124160880116806E+08   13.465205   4.750257   3.564403
0.124186970777460E+08   13.460608   4.750837   3.564313
0.124213828810485E+08   13.455866   4.751385   3.564215
0.124240686843510E+08   13.451113   4.752000   3.564149
0.124267544876535E+08   13.446351   4.752403   3.564082
0.124295170281933E+08   13.441441   4.753107   3.563996
0.124322028314958E+08   13.436655   4.753784   3.563912
0.124349653720355E+08   13.431721   4.754324   3.563815
0.124377279125753E+08   13.426777   4.754951   3.563800
0.124405671903522E+08   13.421681   4.755667   3.563712
0.124433297308920E+08   13.416711   4.756361   3.563616
0.124461690086689E+08   13.411586   4.757031   3.563521
0.124489315492087E+08   13.406587   4.757810   3.563413
0.124517677574962E+08   13.401438   4.758638   3.563284
0.124545786424953E+08   13.396320   4.759552   3.563304
0.124574503033863E+08   13.391073   4.759916   3.563229
0.124603759788512E+08   13.385708   4.761370   3.562876
0.124632798433680E+08   13.380362   4.762222   3.562491
0.124661837078847E+08   13.374992   4.763442   3.562261
0.124691620304660E+08   13.369466   4.764044   3.561227
0.124721850278860E+08   13.363826   4.765631   3.560830
0.124753301365318E+08   13.357925   4.767435   3.560663
0.124786726335067E+08   13.351601   4.769848   3.560659
0.124858994578347E+08   13.337560   4.788113   3.559327
0.124860841435117E+08   13.337183   4.790144   3.559245
0.124860841435117E+08   13.337183   4.790144   3.559245
0.124860841435117E+08   13.337183   4.790144   3.559245
0.124860841435117E+08   13.337183   4.790144   3.559245
0.124860841435117E+08   13.337183   4.790144   3.559245
0.124860841435117E+08   13.337183   4.790144   3.559245
0.124860841435117E+08   13.337183   4.790144   3.559245
0.124860841435117E+08   13.337183   4.790144   3.559245
0.124860841435117E+08   13.337183   4.790144   3.559245
0.124860841435117E+08   13.337183   4.790144   3.559245
0.124860841435117E+08   13.337183   4.790144   3.559245
0.124860841435117E+08   13.337183   4.790144   3.559245
0.124860841435117E+08   13.337183   4.790144   3.559245
0.124860841435117E+08   13.337183   4.790144   3.559245
0.124860841435117E+08   13.337183   4.790144   3.559245
0.124860841435117E+08   13.337183   4.790144   3.559245
0.124860841435117E+08   13.337183   4.790144   3.559245
0.124860841435117E+08   13.337183   4.790144   3.559245
0.124860841435117E+08   13.337183   4.790144   3.559245
0.125197017333593E+08   13.262830   4.881336   3.554240
0.125205348967146E+08   13.260379   4.883045   3.554106
0.125206824421577E+08   13.259942   4.883883   3.554043
0.125209153132968E+08   13.259249   4.884440   3.554000
0.125209864964544E+08   13.259038   4.883317   3.554080
0.125211104726123E+08   13.258670   4.883956   3.554030
0.125213032137952E+08   13.258097   4.884070   3.554020
0.125215808942243E+08   13.257272   4.884602   3.553977
0.125217343543785E+08   13.256815   4.885292   3.553910
0.125219803730147E+08   13.256079   4.886406   3.553824
0.125221249421278E+08   13.255644   4.886777   3.553798
0.125222783120528E+08   13.255184   4.886805   3.553800
0.125225422094561E+08   13.254389   4.889219   3.553615
0.125226725240782E+08   13.253993   4.890261   3.553538
0.125227972594701E+08   13.253613   4.890844   3.553495
0.125229155104017E+08   13.253252   4.888776   3.553642
0.125230273520587E+08   13.252911   4.892528   3.553388
0.125231324935196E+08   13.252587   4.893855   3.553287
0.125232312493389E+08   13.252282   4.894912   3.553207
0.125233238080315E+08   13.251994   4.895706   3.553147
0.125234095709400E+08   13.251728   4.896072   3.553125
0.125234817591873E+08   13.251503   4.895485   3.553162
0.125235894449340E+08   13.251167   4.897952   3.553062
0.125236609573363E+08   13.250942   4.898446   3.553046
0.125236876993024E+08   13.250858   4.898550   3.553043
0.125237091959986E+08   13.250790   4.898725   3.552933
0.125237287814210E+08   13.250729   4.897965   3.552961
0.125237831919201E+08   13.250558   4.899688   3.552901
0.125239358963555E+08   13.250073   4.902155   3.552837
0.125242173903457E+08   13.249180   4.899802   3.552897
0.125244230169980E+08   13.248528   4.903122   3.552815
