6.3577515295937408E+010   5.2696241718891645E-001   3.2652545555306709E+000   3.4838140128586730E+000   2.1876764042301025E+000
4.8992627545691589E+010   5.6552124691023686E-001   3.3641069636963654E+000   3.4726390538885790E+000   2.2594525262531384E+000
3.8489274372958229E+010   6.1981889763109943E-001   3.3838379261178178E+000   3.4665043221844454E+000   2.2815874708721329E+000
3.0592434755166374E+010   6.7797845178655070E-001   3.3833187254514279E+000   3.4672067472804922E+000   2.2799230203468435E+000
2.4618216672626007E+010   7.3472999975225517E-001   3.3829077376994166E+000   3.4704544319473598E+000   2.2732221571371030E+000
2.0012014639173618E+010   7.9058084914466731E-001   3.3818943514948212E+000   3.4745910909269040E+000   2.2644421460757171E+000
1.6426977694044588E+010   8.4566389717979640E-001   3.3805299902210888E+000   3.4789034053391590E+000   2.2551353366143401E+000
1.5215190824102383E+010   8.6741235984361686E-001   3.3801194798704324E+000   3.4806503208210144E+000   2.2514362504753005E+000
1.4110204849315464E+010   8.8909263321802567E-001   3.3795510779060165E+000   3.4823193876070593E+000   2.2478139159210038E+000
1.3101804296868782E+010   9.1067596008082985E-001   3.3790024447030054E+000   3.4839693807565451E+000   2.2442396130205258E+000
1.2179790640047705E+010   9.3226070100664160E-001   3.3782405639636037E+000   3.4856064275604881E+000   2.2405845790429391E+000
1.1336176291479408E+010   9.5360232482548268E-001   3.3778232355002906E+000   3.4871778160816986E+000   2.2372331377688623E+000
1.0563055828118134E+010   9.7495502267124212E-001   3.3772178271385651E+000   3.4887283537324834E+000   2.2338293582864304E+000
9.8536921013372879E+009   9.9624255434109388E-001   3.3765543809499041E+000   3.4902617310059156E+000   2.2304308806452346E+000
9.2024534204481602E+009   1.0174432588764883E+000   3.3759328542851987E+000   3.4917956342848351E+000   2.2270523107550440E+000
8.6037512493580780E+009   1.0385919286179397E+000   3.3753250872315523E+000   3.4932065129596674E+000   2.2239266698785554E+000
8.0536694203437014E+009   1.0596788531726744E+000   3.3746836559932163E+000   3.4946176807549780E+000   2.2207836186687646E+000
7.5473731003635931E+009   1.0807001745559701E+000   3.3740859503161049E+000   3.4960130728133678E+000   2.2176939817134302E+000
7.0807856372788134E+009   1.1016831364883890E+000   3.3734578097182411E+000   3.4973502441174746E+000   2.2147055688062847E+000
6.6924416742877464E+009   1.1223944323434596E+000   3.3741466275891931E+000   3.4983658546755745E+000   2.2130187566255612E+000
6.3077351921105442E+009   1.1432331876758060E+000   3.3739161338616035E+000   3.4995790949537318E+000   2.2104770292054514E+000
5.9493952630716448E+009   1.1640485842046990E+000   3.3736044441021291E+000   3.5008135441055046E+000   2.2078522860221694E+000
5.6191603058124361E+009   1.1848451750958153E+000   3.3732748437024003E+000   3.5020396019535305E+000   2.2052353701262528E+000
5.3117032208855209E+009   1.2056091446172010E+000   3.3729474115101241E+000   3.5031762368778514E+000   2.2027983841814724E+000
5.0269833768396654E+009   1.2263278390527883E+000   3.3725841996221284E+000   3.5043339836669603E+000   2.2003012846592580E+000
4.7622498529362068E+009   1.2470442710401775E+000   3.3722518399193024E+000   3.5054486199224244E+000   2.1979058322969163E+000
4.5161173637139530E+009   1.2677112218397839E+000   3.3719065983544962E+000   3.5065585768806153E+000   2.1955132975981315E+000
4.2863220860751424E+009   1.2883784977089801E+000   3.3715466672788090E+000   3.5076557060273030E+000   2.1931390737669112E+000
4.0724057844763560E+009   1.3089950775813877E+000   3.3711982567280039E+000   3.5086948295858660E+000   2.1908866213743843E+000
3.8718117969596739E+009   1.3296118385697164E+000   3.3707716020332219E+000   3.5097757729701464E+000   2.1885114072584306E+000
3.6829436010419297E+009   1.3502079482624716E+000   3.3703175523054534E+000   3.5108298908961242E+000   2.1861761465425915E+000
3.5070763257684712E+009   1.3707931105715898E+000   3.3698121704366142E+000   3.5118658572548793E+000   2.1838515228906621E+000
3.3413000485762548E+009   1.3913549672001713E+000   3.3692297375582059E+000   3.5129053589879051E+000   2.1814813029854063E+000
3.1850780904207940E+009   1.4119110207107251E+000   3.3685459238852355E+000   3.5139283132741586E+000   2.1790934875764152E+000
3.0383984676301293E+009   1.4324660692913238E+000   3.3676592954068831E+000   3.5149724382930319E+000   2.1765619232994915E+000
2.9000465095425386E+009   1.4530141471280551E+000   3.3665974710331170E+000   3.5160114040996988E+000   2.1739530794992739E+000
2.7705204133399429E+009   1.4735744619057185E+000   3.3651289790878507E+000   3.5170803133776163E+000   2.1710810149708064E+000
2.6485623194293728E+009   1.4941466423496197E+000   3.3633070946418133E+000   3.5181834094681590E+000   2.1679638805667016E+000
2.5339164950147147E+009   1.5147367927709805E+000   3.3609271594078360E+000   3.5193118972460313E+000   2.1645169373939686E+000
2.4256568670344057E+009   1.5353257835560608E+000   3.3581838311759027E+000   3.5204752700618589E+000   2.1608185276463479E+000
2.3247254453492556E+009   1.5559718780059357E+000   3.3542845719715424E+000   3.5217600847994941E+000   2.1562992685688975E+000
2.2293772829806533E+009   1.5766469001575614E+000   3.3495736216264365E+000   3.5230990599959697E+000   2.1512658430033929E+000
2.1398262502840450E+009   1.5973545049031075E+000   3.3438909131403434E+000   3.5245457698310712E+000   2.1455310690901426E+000
2.0552449914012156E+009   1.6180849812225526E+000   3.3374896119452817E+000   3.5260597744438869E+000   2.1393024092669815E+000
1.9760182563815961E+009   1.6388579006557160E+000   3.3295824808784715E+000   3.5277146892224791E+000   2.1320390141763919E+000
1.9009818449521852E+009   1.6596277147630063E+000   3.3212099962863402E+000   3.5293772092533051E+000   2.1245277318186742E+000
1.8313849849659803E+009   1.6804494803489722E+000   3.3109612538484572E+000   3.5312635320477734E+000   2.1156307150107958E+000
1.7657767110471044E+009   1.7013426192374950E+000   3.2986322861266166E+000   3.5333507053933313E+000   2.1052918844587585E+000
1.7027584485578701E+009   1.7221985101382231E+000   3.2859672493591514E+000   3.5354411563995209E+000   2.0947784640626463E+000
1.6437627820365126E+009   1.7431159080430643E+000   3.2707818570030378E+000   3.5377563758549435E+000   2.0825553289737462E+000
1.5881788125104427E+009   1.7640582822086319E+000   3.2537416903730776E+000   3.5402780539311216E+000   2.0689918895064099E+000
1.5344521027293837E+009   1.7849528503989025E+000   3.2362284004902202E+000   3.5428388069887635E+000   2.0551137384496974E+000
1.4840709980523884E+009   1.8059348629684209E+000   3.2146333942221332E+000   3.5457773798373036E+000   2.0384390896185725E+000
1.4363652961480560E+009   1.8269288786297420E+000   3.1904688567366759E+000   3.5489995008053179E+000   2.0199125789398149E+000
1.3905044602121608E+009   1.8479502503313379E+000   3.1627043735268794E+000   3.5525810903713366E+000   1.9988671582028803E+000
1.3469212937298799E+009   1.8689888894345246E+000   3.1308476179980564E+000   3.5565466633532314E+000   1.9750076344746790E+000
1.3074117278268971E+009   1.8901533321275388E+000   3.0889246838780671E+000   3.5615150603092065E+000   1.9441093735027337E+000
1.2670330258903680E+009   1.9111064230480033E+000   3.0501275058523309E+000   3.5660646921003298E+000   1.9156115209076192E+000
1.2286157079951503E+009   1.9321461445362498E+000   3.0000670560955065E+000   3.5716335202723850E+000   1.8794436396850973E+000
1.1931679747386215E+009   1.9531418230145252E+000   2.9437429310864998E+000   3.5778188956054175E+000   1.8389108265145295E+000
1.1561027878881907E+009   1.9740807782627141E+000   2.8796197667188035E+000   3.5846175528060580E+000   1.7932519299294005E+000
1.1226571075098670E+009   1.9952510913928103E+000   2.7745148299960500E+000   3.5951092575752028E+000   1.7197160520297337E+000
1.0697051389019262E+009   2.0183818149713408E+000   2.2713516296092515E+000   3.6381959669979320E+000   1.3819610329908749E+000
1.0413283583400342E+009   2.0383577084715507E+000   2.2959051192748658E+000   3.6369409979739462E+000   1.3967477158716539E+000
1.0140974338450398E+009   2.0583411496493129E+000   2.3205822697300924E+000   3.6356772566786475E+000   1.4116137736898651E+000
9.8678067107359743E+008   2.0783267107078331E+000   2.3426478016479888E+000   3.6345579907801389E+000   1.4248850714458299E+000
9.6172443284170008E+008   2.0983053503564846E+000   2.3668343818319104E+000   3.6333102723064097E+000   1.4394737984852499E+000
9.3498348538046050E+008   2.1182960844331586E+000   2.3878256060246961E+000   3.6322169014192021E+000   1.4521561523560584E+000
9.1285380690690219E+008   2.1382753503097867E+000   2.4101427978164560E+000   3.6310878266341251E+000   1.4655728978220912E+000
8.8820292919479311E+008   2.1582781334596288E+000   2.4263311895184376E+000   3.6303665450644065E+000   1.4751096568125193E+000
8.6529229268432474E+008   2.1782909757932787E+000   2.4398059268256080E+000   3.6299210293501276E+000   1.4827380568946622E+000
8.4337814057208955E+008   2.1983119647757055E+000   2.4473149109629091E+000   3.6299383817090272E+000   1.4864578442455136E+000
8.2214608252542186E+008   2.2183278774083548E+000   2.4554225563269445E+000   3.6299010945283419E+000   1.4905862412889015E+000
8.0278743063066709E+008   2.2383374015626845E+000   2.4636547667137672E+000   3.6298830398040201E+000   1.4947384559309569E+000
7.8328658039628172E+008   2.2583539037262916E+000   2.4657305249331656E+000   3.6303759749140143E+000   1.4947904648206674E+000
7.6452434010463965E+008   2.2783626056644892E+000   2.4714331516840131E+000   3.6305242294559608E+000   1.4973452691121987E+000
7.4632550341961420E+008   2.2983725464973830E+000   2.4737099438236618E+000   3.6309726306066876E+000   1.4975868628805702E+000
7.2737249213864601E+008   2.3183848239912912E+000   2.4783709415670718E+000   3.6311768014632917E+000   1.4995090200390673E+000
7.1084501353638077E+008   2.3383886932377704E+000   2.4817726127343205E+000   3.6315247219313598E+000   1.5005140146865545E+000
6.9448882220436895E+008   2.3583930094810848E+000   2.4870088094643785E+000   3.6317025887584338E+000   1.5027763793974351E+000
6.7952028901399863E+008   2.3783926987261292E+000   2.4893497189272296E+000   3.6321784174902167E+000   1.5029951766652949E+000
6.6341419637903142E+008   2.3983974735177562E+000   2.4944264648534662E+000   3.6323119498239467E+000   1.5052664849609547E+000
6.4945725093905675E+008   2.4183958207647636E+000   2.4983268922145938E+000   3.6326292276236876E+000   1.5065821430420356E+000
6.3498378551597822E+008   2.4383970205268102E+000   2.5041320737288726E+000   3.6327491399433867E+000   1.5092449091597773E+000
6.2072331828731716E+008   2.4583947339913879E+000   2.5098164689351128E+000   3.6328490576473822E+000   1.5118872713549059E+000
6.0670418518798411E+008   2.4783982215318239E+000   2.5127583078426059E+000   3.6331368305486413E+000   1.5127826450061337E+000
5.9345612466025436E+008   2.4983970146293606E+000   2.5187001386080605E+000   3.6332389356856400E+000   1.5155493501148634E+000
5.8104295976051271E+008   2.5183931516011149E+000   2.5232873746046436E+000   3.6334392147209287E+000   1.5174424100425785E+000
5.6904239550274301E+008   2.5383874512588465E+000   2.5306666444359505E+000   3.6334081302317638E+000   1.5211942139365608E+000
5.5661636575771868E+008   2.5583858047617110E+000   2.5356099658467031E+000   3.6335568819758959E+000   1.5233683711536734E+000
5.4455385529915535E+008   2.5783854492494034E+000   2.5405419914604699E+000   3.6336700595995239E+000   1.5256080287133009E+000
5.3353305011452740E+008   2.5983799416207551E+000   2.5473640584871156E+000   3.6336592615315872E+000   1.5290406583624974E+000
5.2295784025548625E+008   2.6183716516711049E+000   2.5541208277600669E+000   3.6336579008860266E+000   1.5324217642900937E+000
5.1217178401578981E+008   2.6383678016312615E+000   2.5592468560438997E+000   3.6337613250930607E+000   1.5347779300179420E+000
5.0255236088933176E+008   2.6583582659149236E+000   2.5667496812256223E+000   3.6337117557876644E+000   1.5386284812195967E+000
4.9210076117688572E+008   2.6783572890970340E+000   2.5717128356131065E+000   3.6338005186056663E+000   1.5409325327773342E+000
4.8202136451333177E+008   2.6983521775427364E+000   2.5791165266035598E+000   3.6336839733310904E+000   1.5448674688217130E+000
4.7329323384377205E+008   2.7183414543091278E+000   2.5872479255716123E+000   3.6335597812540268E+000   1.5491815524598669E+000
4.6372069646473134E+008   2.7383365169560681E+000   2.5931423076613962E+000   3.6335861737955817E+000   1.5520759584216486E+000
4.5477714947642553E+008   2.7583294972244476E+000   2.6003952082006072E+000   3.6334723661654453E+000   1.5559300239515261E+000
4.4615629893864882E+008   2.7783231111508919E+000   2.6075538303737704E+000   3.6333826553517388E+000   1.5596887566655220E+000
4.3780534945092684E+008   2.7983166914743172E+000   2.6137291631368988E+000   3.6333652886990633E+000   1.5628111563524358E+000
3.6442399484915698E+008   2.9982409330276312E+000   2.6865983438689414E+000   3.6319919531405334E+000   1.6019924178355185E+000
3.0792207001328963E+008   3.1981527381975834E+000   2.7614897522859714E+000   3.6300408992183257E+000   1.6433402298884474E+000
2.6300824280175549E+008   3.3980685651161386E+000   2.8342452673397425E+000   3.6279192622468703E+000   1.6839612613582438E+000
2.2711999414363897E+008   3.5979797966422447E+000   2.9058762294850964E+000   3.6255608729738498E+000   1.7244935209769621E+000
1.9788959146040720E+008   3.7978910405173640E+000   2.9744178973691584E+000   3.6231581580576004E+000   1.7635697847514913E+000
1.7391979646394122E+008   3.9977982207680087E+000   3.0427681956994515E+000   3.6205204249333609E+000   1.8030204001651182E+000
1.5398999819585887E+008   4.1976910496647513E+000   3.1106385288513509E+000   3.6177497186382537E+000   1.8424969793312820E+000
1.3731298875421050E+008   4.3975782296440382E+000   3.1753523945992526E+000   3.6150140029596618E+000   1.8803253435624174E+000
1.2320918851137897E+008   4.5974757749171502E+000   3.2385817454558139E+000   3.6121952473620556E+000   1.9175775301859088E+000
1.1115892998043741E+008   4.7973791318016614E+000   3.3000142453329504E+000   3.6093813458278499E+000   1.9539215831928896E+000
1.0083165476656918E+008   4.9972771391205120E+000   3.3595186578669884E+000   3.6065755539544897E+000   1.9892853732066282E+000
9.1915465420451373E+007   5.1971802081075733E+000   3.4178709536269460E+000   3.6037763199853572E+000   2.0240599890248721E+000
8.4129257064982384E+007   5.3970721338909708E+000   3.4723784868660665E+000   3.6012286767081090E+000   2.0564090421989287E+000
7.7346099341429457E+007   5.5969782122243243E+000   3.5266753550308669E+000   3.5985225757893367E+000   2.0889696781188740E+000
7.1371896228888854E+007   5.7968787819134402E+000   3.5769533965302602E+000   3.5961407227099143E+000   2.1188724050274148E+000
6.6085588235758439E+007   5.9967713120121422E+000   3.6253114816681888E+000   3.5938158090130061E+000   2.1477012749901956E+000
6.1416855717927404E+007   6.1966825511036463E+000   3.6728458276256419E+000   3.5914969940190820E+000   2.1761060779567720E+000
5.7250264144221872E+007   6.3965704314382617E+000   3.7189135120655354E+000   3.5892845148826691E+000   2.2035648784495439E+000
5.3533719632495224E+007   6.5964730939812641E+000   3.7622127976281821E+000   3.5872648733597763E+000   2.2292538042766523E+000
5.0181230510843471E+007   6.7963630809506252E+000   3.8048614093779345E+000   3.5852445517405727E+000   2.2546187533899360E+000
4.7178461051519699E+007   6.9962687685477389E+000   3.8470275783643584E+000   3.5831445523226222E+000   2.2799018367190484E+000
4.4463049577462785E+007   7.1961619743614689E+000   3.8872936137202121E+000   3.5812137788883609E+000   2.3038964012654986E+000
4.2000900170634069E+007   7.3959895483553382E+000   3.9260421500698697E+000   3.5793781727303333E+000   2.3269418817563818E+000
3.9758080553659305E+007   7.5957383399029137E+000   3.9640956957824058E+000   3.5775203228652730E+000   2.3496843543427715E+000
3.7715664312625222E+007   7.7953738640083046E+000   4.0011173409852541E+000   3.5757549037129741E+000   2.3717260152487927E+000
3.5847509643136166E+007   7.9949143354984642E+000   4.0368610623619388E+000   3.5740766674463984E+000   2.3929543484702869E+000
2.8532427946475551E+007   8.9902378709692954E+000   4.2012819207092731E+000   3.5663787824844877E+000   2.4905605475677759E+000
2.3732062049639501E+007   9.8233673466942601E+000   4.3319203230680143E+000   3.5604525066188137E+000   2.5677323004784935E+000
2.0042386091201983E+007   1.0805253834898636E+001   4.4640218767416826E+000   3.5546067773464509E+000   2.6454745358600524E+000
1.7366569479095772E+007   1.1782739873184614E+001   4.5799060438384886E+000   3.5499353813089729E+000   2.7127594114834128E+000
1.5331373926453978E+007   1.2761643467355494E+001   4.6506407195268729E+000   3.5498718386921926E+000   2.7482538345611651E+000
1.3721167029189285E+007   1.3741699499452610E+001   4.6463337606914941E+000   4.2676851801844684E+000   1.3104736721589256E+000
1.2478515374904115E+007   1.4697899058893729E+001   4.7430520994496064E+000   3.8071154009305044E+000   2.2799724000459078E+000
1.1443551086048573E+007   1.5656451658150973E+001   4.8473095123448493E+000   3.9828405830959919E+000   1.9806507421625541E+000
1.0586736995435487E+007   1.6608869469534444E+001   4.9246009891406031E+000   4.0446752051680201E+000   1.8956272364163747E+000
9.8679165257801227E+006   1.7555967797346188E+001   4.9928340266303692E+000   4.0699062237026808E+000   1.8792817180919357E+000
9.2569042900792062E+006   1.8503162942520206E+001   5.0536822701947077E+000   4.0798667738668231E+000   1.8897847395458200E+000
8.7317892760115042E+006   1.9454876172451876E+001   5.1092712831934310E+000   4.0798178830418061E+000   1.9176770276952164E+000
7.8783929869796233E+006   2.1400807969549415E+001   5.2089159464944066E+000   4.0804620749989349E+000   1.9662109754314476E+000
7.2162369905298864E+006   2.3162376473576334E+001   5.3012276139326397E+000   4.1641782890343189E+000   1.8449343810797969E+000
6.6883954554306595E+006   2.4883942474556438E+001   5.3737979367262696E+000   4.1458806506801791E+000   1.9178148191848901E+000
6.2578262949050656E+006   2.6566322385396592E+001   5.4376732281155915E+000   4.0761703580290547E+000   2.0891730501817993E+000
5.9011445457192175E+006   2.8204402916949469E+001   5.4987534365573838E+000   4.0911725876896705E+000   2.0897086950814638E+000
5.5993971598243630E+006   2.9810420379379231E+001   5.5535702300815037E+000   4.0763360509825146E+000   2.1467901652578365E+000
5.3419309994808836E+006   3.1375332866064738E+001   5.5972531898247881E+000   4.0167708328158200E+000   2.2877620814628679E+000
5.1189289547958840E+006   3.2892004240324091E+001   5.6412186162613596E+000   3.9516365005705603E+000   2.4400134591716736E+000
4.9227646447198689E+006   3.4385720832357293E+001   5.6660329939847056E+000   3.7897095238385448E+000   2.7762746014973776E+000
4.7531297918254901E+006   3.5760885549072299E+001   5.7037975472418871E+000   3.7110026118625687E+000   2.9525707020779204E+000
4.4029196971937176E+006   3.9322399021399519E+001   5.8194322720387710E+000   3.9307148863472232E+000   2.5709635155070534E+000
4.1306428169583129E+006   4.1608591860554100E+001   5.8820256659469408E+000   3.7883885535015933E+000   2.8869128781523981E+000
3.9161332714051856E+006   4.4042815150433171E+001   5.9544006479695852E+000   3.8788380639053024E+000   2.7422013483563017E+000
3.7372264454231989E+006   4.6436325423872312E+001   5.9933710456054383E+000   3.8799689611142680E+000   2.7594247527562970E+000
3.5907591020305841E+006   4.8454846696678722E+001   6.0543991523043452E+000   3.9070593256640365E+000   2.7357580770062140E+000
3.4656546924936068E+006   5.0379407511088097E+001   6.1100070839755629E+000   3.9244123877994506E+000   2.7288559185709942E+000
3.3567661109322831E+006   5.4510361908128615E+001   6.1481276101739786E+000   3.9289026496390655E+000   2.7389356579909725E+000
3.2617050630908981E+006   5.8933284690722601E+001   6.1888065421967493E+000   3.9330427944784541E+000   2.7509948343235813E+000
3.1782312725031553E+006   6.3405293618652209E+001   6.2255443624325402E+000   3.9430977729064227E+000   2.7492537875855381E+000
3.1066587763362317E+006   6.5177055154395575E+001   6.2926065320924041E+000   4.0823006253343799E+000   2.5043791675595553E+000
3.0432369681404885E+006   6.6412933749320842E+001   6.3297525328245579E+000   4.1440962255216380E+000   2.3993609675511158E+000
2.9864326977454852E+006   6.7483907490945271E+001   6.3629102617188824E+000   4.2001396195174161E+000   2.3038530440067233E+000
2.9325175152436476E+006   6.8814888655724189E+001   6.3941839026957439E+000   4.2848156828290156E+000   2.1501377378719546E+000
2.8829238006282570E+006   7.0258643041873967E+001   6.4189892103403619E+000   4.4024566773837686E+000   1.9272584025847568E+000
2.8398192357468936E+006   6.8938501153192888E+001   6.4443769058283706E+000   4.4849943597706412E+000   1.7748768855550170E+000
2.7993080673032566E+006   6.6566600895757290E+001   6.4562252441050934E+000   4.5871552118969205E+000   1.5764793504408194E+000
2.7607867740214709E+006   6.3945428961395685E+001   6.4482205388775347E+000   4.9685111555763415E+000   8.0976511046819832E-001
2.7247314492262527E+006   6.0740016961856284E+001   6.3851152921624754E+000   5.0793654743165382E+000   5.5650384963027510E-001
2.6935462944905371E+006   5.9782205872023319E+001   6.3783825197400175E+000   5.0913433897247842E+000   5.2918163260255335E-001
2.6694462274853364E+006   5.5313804508337853E+001   6.3346810883395683E+000   5.0917064345312921E+000   5.0660482728931377E-001
2.6443175476320325E+006   5.4043652844137256E+001   6.3213414673486570E+000   5.0908274379196889E+000   5.0169301001706323E-001
2.6226981010002811E+006   5.2116708442206765E+001   6.3012028347620097E+000   5.0926840204804815E+000   4.8791052860215517E-001
2.5334192828205437E+006   4.7321830710036224E+001   6.2453525608038003E+000   5.0891271578991715E+000   4.6709911678567173E-001
2.4651213546351977E+006   4.5644377297803032E+001   6.2242348151249196E+000   5.0872802386558762E+000   4.6023408243282071E-001
2.4161791862420882E+006   4.4150964049557153E+001   6.2046140332863251E+000   5.0854687799106690E+000   4.5404660900393673E-001
2.3726880015422222E+006   4.3992697692681759E+001   6.2024874283387268E+000   5.0852259767852219E+000   4.5346891278103285E-001
2.3395745819719494E+006   4.3511450138810247E+001   6.1957645357641962E+000   5.0837844807871742E+000   4.5299045848986286E-001
2.3065506338959150E+006   4.3842089543121155E+001   6.2002641390742870E+000   5.0843695516211103E+000   4.5407011847703699E-001
