0.846553600000000E+10   1.000000   0.157540   3.761940
0.101703591402358E+10   2.000000   1.484340   3.911628
0.323213340244056E+09   3.000000   2.197592   4.035578
0.153435044524341E+09   4.000000   2.686202   4.123444
0.889959224537386E+08   5.000000   3.051906   4.188323
0.421158928118355E+08   6.999418   3.583014   4.278758
0.265085958573733E+08   8.992775   3.964913   4.338288
0.154980534428111E+08   11.940028   4.366350   4.395663
0.111332651616882E+08   14.811635   4.654399   4.431206
0.781899316205955E+07   19.671638   5.001445   4.466819
0.637078135493241E+07   24.179966   5.234707   4.479545
0.525168285885849E+07   30.106809   5.460355   4.476027
0.447707760256518E+07   36.508504   5.641789   4.451809
0.355951819290031E+07   36.261411   5.910173   4.411788
0.304802474512758E+07   49.231966   6.146030   4.516794
0.214629760000000E+11   0.800000   -0.206190   3.715340
0.133863160000000E+11   0.900000   -0.008440   3.741460
0.269159952725997E+07   63.624897   6.348465   4.432605
0.542883760000000E+10   1.100000   0.304470   3.780230
0.421314410000000E+10   1.250000   0.581370   3.799710
0.313865482402353E+10   1.350000   0.737537   3.816693
0.223918318922179E+10   1.500000   0.938226   3.838652
0.164514955543643E+10   1.700000   1.189070   3.863605
0.542325218970119E+09   2.500000   1.882998   3.977948
