3.2555655772072935E+012   9.9621183099255245E-002   -2.0034209295982048E+000   3.7329490231832372E+000   -9.4493135898346325E-001
1.8017244761736782E+012   1.4957824427630373E-001   -1.5828916693802608E+000   3.6521943542121971E+000   -5.7315739093241014E-001
1.1403213752475708E+012   1.9957694423195496E-001   -1.4006721444848209E+000   3.6226707182747448E+000   -4.2300035660978674E-001
7.3209308199351599E+011   2.4960519319249946E-001   -1.2970971268371507E+000   3.6048009343458931E+000   -3.3547327992824805E-001
1.9132025909022818E+011   3.6974005617252714E-001   -1.1312956643586829E+000   3.5898820015625521E+000   -2.2273468312233213E-001
1.7236913704720880E+011   3.7974371963888054E-001   -1.1201437811025017E+000   3.5899453447835104E+000   -2.1728542793615735E-001
1.6432954190965692E+011   3.8973786808965916E-001   -1.0877784112518654E+000   3.5924802827785163E+000   -2.0617261900085132E-001
1.5635690068727448E+011   3.9973278770374160E-001   -1.0558430238084209E+000   3.5951015600270630E+000   -1.9544747977622290E-001
1.1990555273179706E+011   4.4971387161911713E-001   -9.1586354611409637E-001   3.6096785744339810E+000   -1.5461176974289659E-001
9.5360483869507721E+010   4.9967644401193589E-001   -7.5271160510980895E-001   3.6300425338246800E+000   -1.1376371802214970E-001
7.4939535526363022E+010   5.4964875756074294E-001   -6.1204083968501599E-001   3.6514920387197116E+000   -8.6327345099818598E-002
5.9195799388230530E+010   5.9957811448714848E-001   -3.7102769174815120E-001   3.6695523946009727E+000   -1.9414828939077107E-003
4.5404541570941925E+010   6.4957140477893494E-001   -2.6771119317887548E-001   3.6838861893898684E+000   2.1049176812939323E-002
3.5462730525973328E+010   6.9955195232502454E-001   -1.6470163713330174E-001   3.6978525315277673E+000   4.4621270559927581E-002
2.8009222286361763E+010   7.4953272887889610E-001   -6.6361479574495438E-002   3.7099449058543894E+000   6.9606600686087358E-002
2.2352258053834602E+010   7.9951520629322181E-001   2.4668226267986447E-002   3.7210469647955478E+000   9.2917335725012082E-002
1.8003769575351593E+010   8.4949782029908283E-001   1.1156687342147488E-001   3.7310066271715105E+000   1.1644733454983015E-001
1.4627994118833479E+010   8.9948031861903155E-001   1.9510387663090337E-001   3.7400014651931719E+000   1.4022616011122213E-001
1.3485053100063797E+010   9.1947385087517786E-001   2.2725494234367991E-001   3.7434710115611551E+000   1.4936260023164330E-001
1.2473928784553087E+010   9.3946421781297540E-001   2.6142086432810335E-001   3.7462686550772522E+000   1.6085027419166020E-001
1.1528608046671680E+010   9.5945739916984585E-001   2.9290249449362954E-001   3.7494767198169296E+000   1.7017495979506972E-001
1.0666554809724392E+010   9.7945061913228304E-001   3.2401957077375165E-001   3.7525672770830969E+000   1.7955238340279447E-001
9.8795037965756607E+009   9.9944391652346232E-001   3.5470497289388053E-001   3.7555962322153382E+000   1.8883717419837664E-001
9.1588614140720253E+009   1.0194375523203714E+000   3.8486603830102689E-001   3.7586145189036881E+000   1.9788113352525111E-001
8.5173872502581615E+009   1.0394285056794277E+000   4.1644729087990617E-001   3.7611418930696141E+000   2.0861701148283779E-001
7.9144657705261040E+009   1.0594221520103622E+000   4.4593783665577152E-001   3.7640242185154666E+000   2.1759763347906672E-001
7.3625247000221548E+009   1.0794160389698959E+000   4.7498409370692135E-001   3.7669395103632861E+000   2.2629017830900305E-001
6.8541013007578621E+009   1.0994106424433445E+000   5.0330853535414521E-001   3.7698669519324461E+000   2.3459751599429413E-001
6.3899680133776159E+009   1.1194051327739465E+000   5.3149778343088561E-001   3.7726958323357884E+000   2.4303437922598028E-001
5.9766035191720572E+009   1.1393969386736518E+000   5.6085193585677429E-001   3.7750745684420113E+000   2.5295398322647888E-001
5.6651455802762480E+009   1.1593912351822970E+000   5.9475423052375687E-001   3.7743321883826750E+000   2.7138989067864283E-001
5.3433093859517879E+009   1.1793809369727786E+000   6.2533325319045208E-001   3.7751280842190700E+000   2.8508761033920021E-001
5.0225107984718180E+009   1.1993760927360215E+000   6.5302567138484269E-001   3.7771634686512177E+000   2.9486305057209966E-001
4.7360410450375938E+009   1.2193688746642524E+000   6.8126799447072406E-001   3.7786136348721020E+000   3.0608387967327266E-001
4.4604398136532669E+009   1.2393647903457308E+000   7.0808190149984573E-001   3.7808441438184008E+000   3.1502981529523399E-001
4.2059416761443081E+009   1.2593611858781153E+000   7.3459221090727589E-001   3.7832644204278356E+000   3.2344441678008029E-001
3.9804496913043995E+009   1.2793538047869504E+000   7.6167122586287084E-001   3.7850329438553896E+000   3.3344687740277051E-001
3.7705695816193542E+009   1.2993470818003525E+000   7.8843645720662925E-001   3.7870385812422027E+000   3.4281821830102233E-001
3.5770143479430161E+009   1.3193397426956968E+000   8.1479150767378239E-001   3.7890899612227416E+000   3.5189298357352239E-001
3.3900744824277210E+009   1.3393361977414224E+000   8.4048575619147381E-001   3.7926267716245561E+000   3.5766648702873782E-001
3.2240565917995152E+009   1.3593291383356645E+000   8.6568538903758918E-001   3.7956948598457609E+000   3.6413012700938735E-001
3.0893502290802965E+009   1.3793108643829814E+000   8.9300979308895889E-001   3.7947998545623873E+000   3.7958233960181870E-001
2.9414951029990358E+009   1.3993060277184317E+000   9.1650263034451096E-001   3.7989047173723947E+000   3.8311903260958019E-001
2.8194478062643023E+009   1.4192915160118003E+000   9.4188614099565870E-001   3.7995103475047243E+000   3.9459952767049394E-001
2.6997908665896077E+009   1.4392800784483673E+000   9.6580838766378074E-001   3.8009739903912036E+000   4.0363336523159660E-001
2.5879136865843835E+009   1.4592688577633628E+000   9.8909614907604981E-001   3.8024523228453049E+000   4.1232058102952912E-001
2.4832030565526924E+009   1.4792571814523163E+000   1.0129358420085623E+000   3.8034534125050130E+000   4.2223824817636857E-001
2.3883167910269432E+009   1.4992442106128254E+000   1.0362254961939241E+000   3.8041672471650410E+000   4.3245540594899351E-001
2.2944697339606318E+009   1.5192342669611079E+000   1.0587873058753692E+000   3.8059787706084709E+000   4.4011326390285616E-001
2.2081595566800232E+009   1.5392228115102298E+000   1.0816567621113404E+000   3.8068041143057041E+000   4.4989730462637478E-001
2.1241711963899553E+009   1.5592132801339478E+000   1.1039725417389703E+000   3.8084537746390987E+000   4.5775587377340043E-001
2.0481245855451903E+009   1.5792018896169839E+000   1.1263646135574443E+000   3.8097053688149058E+000   4.6644872133102394E-001
1.9756871773891006E+009   1.5991904633642100E+000   1.1486231095197810E+000   3.8109073392858441E+000   4.7517402837031530E-001
1.9066709337063422E+009   1.6191796581955820E+000   1.1705076501193046E+000   3.8124017419696128E+000   4.8312749330254057E-001
1.8407601175600276E+009   1.6391687694115578E+000   1.1921737759179627E+000   3.8133339834712423E+000   4.9209607319861098E-001
1.7782349097783513E+009   1.6591584068858538E+000   1.2137434737855033E+000   3.8151301724616786E+000   4.9928854415150770E-001
1.7180143722204709E+009   1.6791484107761354E+000   1.2349267739905128E+000   3.8167082627079760E+000   5.0672401376141862E-001
1.6621543232988558E+009   1.6991374072016034E+000   1.2562528562862374E+000   3.8190213482499011E+000   5.1276088382543117E-001
1.6099918812165277E+009   1.7191253193617468E+000   1.2773294767788901E+000   3.8202744523419323E+000   5.2079298588769463E-001
1.5575408257268276E+009   1.7391159458208594E+000   1.2980302066414615E+000   3.8230166124857812E+000   5.2565903053128227E-001
1.5087583367552035E+009   1.7591052630220267E+000   1.3184625409023991E+000   3.8251737728900679E+000   5.3156087685317699E-001
1.4626804824144156E+009   1.7790938013268405E+000   1.3391073092797856E+000   3.8268516128155934E+000   5.3852758119081900E-001
1.4168450321669753E+009   1.7990849133958529E+000   1.3591080818851453E+000   3.8297398277256396E+000   5.4275153767340800E-001
1.3741028039591570E+009   1.8190743425595772E+000   1.3789924466896410E+000   3.8320655741366707E+000   5.4804222725359253E-001
1.3334499794018819E+009   1.8390640069584328E+000   1.3988665390713342E+000   3.8349157432440384E+000   5.5227893522970350E-001
1.2942609953410809E+009   1.8590535155762420E+000   1.4182931082725394E+000   3.8367425069424419E+000   5.5833869243349943E-001
1.2566046670103693E+009   1.8790432511904580E+000   1.4378270014626020E+000   3.8397011404852317E+000   5.6218837194295157E-001
1.2232755331914244E+009   1.8990286709826205E+000   1.4578484923766584E+000   3.8416350405783679E+000   5.6833131721370611E-001
1.1876954237824700E+009   1.9190198253375366E+000   1.4767963780967597E+000   3.8452734513485494E+000   5.7052843853339441E-001
1.1544061354842381E+009   1.9390097873709884E+000   1.4952280045859458E+000   3.8470727007537504E+000   5.7614575296758630E-001
1.1236980859273474E+009   1.9589971194587692E+000   1.5145340041880071E+000   3.8493223744883176E+000   5.8129940529948287E-001
1.0909175703852441E+009   1.9789906276861480E+000   1.5323566140912093E+000   3.8527207131130332E+000   5.8341403300165240E-001
1.0624428897376293E+009   1.9989783436617450E+000   1.5511067655712218E+000   3.8553757324432634E+000   5.8747907008119882E-001
1.0331436437342137E+009   2.0189701841862213E+000   1.5687142915764911E+000   3.8586261076489383E+000   5.8978208267248211E-001
1.0065977838557092E+009   2.0389577948859587E+000   1.5873016360587864E+000   3.8607169445528049E+000   5.9489408110589737E-001
9.8125287109514439E+008   2.0589452850410526E+000   1.6054712813698855E+000   3.8633903595913113E+000   5.9863207368443350E-001
9.5562334766752517E+008   2.0789355360506026E+000   1.6230093940552544E+000   3.8657462279207295E+000   6.0268939336828209E-001
9.3207809177258289E+008   2.0989229848739037E+000   1.6408014972260616E+000   3.8681184905925741E+000   6.0684091960999564E-001
9.0676456101084888E+008   2.1189168530751772E+000   1.6572726370984669E+000   3.8709013705488609E+000   6.0951072963362540E-001
8.8609802249900949E+008   2.1389012061903081E+000   1.6755510065518471E+000   3.8730460703254295E+000   6.1436051480717813E-001
8.6266248177600265E+008   2.1588948493582745E+000   1.6917980719645220E+000   3.8761745568485244E+000   6.1622707446732505E-001
8.4101462452433395E+008   2.1788856595089876E+000   1.7084115397756381E+000   3.8786815594653370E+000   6.1951980313925881E-001
8.2039079544567680E+008   2.1988758704791156E+000   1.7250966667060175E+000   3.8811355312678177E+000   6.2295442299948756E-001
8.0035621288646853E+008   2.2188661880311851E+000   1.7415240358737432E+000   3.8836328906948951E+000   6.2617338872919504E-001
7.8200163717689490E+008   2.2388538338271955E+000   1.7582272274096280E+000   3.8863495473906653E+000   6.2909167110559761E-001
7.6362004538575292E+008   2.2588431298028655E+000   1.7747251985766848E+000   3.8891432144933544E+000   6.3175332248374816E-001
7.4580135662048972E+008   2.2788329189240111E+000   1.7908656245763721E+000   3.8915720867896035E+000   6.3496579089109262E-001
7.2842075662840152E+008   2.2988230032111221E+000   1.8067923593453212E+000   3.8939702505209186E+000   6.3813283081293848E-001
7.1032295493993044E+008   2.3188172795424906E+000   1.8218107342420786E+000   3.8965513658208275E+000   6.4047978766149716E-001
6.9448877112454283E+008   2.3388063459217929E+000   1.8375095795964054E+000   3.8998176905339297E+000   6.4179656091245707E-001
6.7887880622639978E+008   2.3587961484266193E+000   1.8531636040695694E+000   3.9018751783582268E+000   6.4550859750044443E-001
6.6462933749314165E+008   2.3787823899252016E+000   1.8693396300430409E+000   3.9039455153890747E+000   6.4945593642548527E-001
6.4914311817467654E+008   2.3987753803156959E+000   1.8840931026751400E+000   3.9062327873466387E+000   6.5225812882640644E-001
6.3577174222802484E+008   2.4187620552337874E+000   1.8996875693243582E+000   3.9090372565564309E+000   6.5444642373143180E-001
6.2188507968285608E+008   2.4387523534440128E+000   1.9146367250329110E+000   3.9115168786795600E+000   6.5696175733944895E-001
6.0807758310710192E+008   2.4587442019039818E+000   1.9290896364041696E+000   3.9138887274761096E+000   6.5944451543198046E-001
5.9458016009220731E+008   2.4787363538346758E+000   1.9435958644698146E+000   3.9164642212907239E+000   6.6154664183557421E-001
5.8182782497489238E+008   2.4987271028242959E+000   1.9582134399897293E+000   3.9179274212853694E+000   6.6592902960623945E-001
5.6982260073386848E+008   2.5187164514908504E+000   1.9727727766856316E+000   3.9212802437458318E+000   6.6650305303326662E-001
5.5825142152526915E+008   2.5387054101060214E+000   1.9872771701005738E+000   3.9229068565525029E+000   6.7050202412739446E-001
5.4619067764226389E+008   2.5586982945335741E+000   2.0010886193101176E+000   3.9259710020479224E+000   6.7127945774132791E-001
5.3449454723393166E+008   2.5786911222906967E+000   2.0148223910041310E+000   3.9282850941291638E+000   6.7351815942585136E-001
5.2384455098177463E+008   2.5986805358109701E+000   2.0289564550131871E+000   3.9303409969560010E+000   6.7647338577670535E-001
5.1362631466550589E+008   2.6186690214336532E+000   2.0432627891397450E+000   3.9321754524734076E+000   6.7995764180517115E-001
5.0315264164708781E+008   2.6386607117796972E+000   2.0567407422062880E+000   3.9346516786195362E+000   6.8174416604618571E-001
4.9385139129273236E+008   2.6586474913022835E+000   2.0711209517721061E+000   3.9364503550030978E+000   6.8533691806197172E-001
4.8370831439064342E+008   2.6786403671725969E+000   2.0841362080190664E+000   3.9391563651621304E+000   6.8643252586738601E-001
4.7386733861469555E+008   2.6986334784379733E+000   2.0971241032576717E+000   3.9414678031677339E+000   6.8830359747548231E-001
4.6539306626993930E+008   2.7186199508779056E+000   2.1109883493932387E+000   3.9445225375675492E+000   6.8912625174363507E-001
4.5605188231807721E+008   2.7386131006120333E+000   2.1237299169264654E+000   3.9468770882033595E+000   6.9078793423862728E-001
4.4735230729205000E+008   2.7586039002704812E+000   2.1367691512208289E+000   3.9491565549086380E+000   6.9274861797525178E-001
4.3899102822487241E+008   2.7785939136666515E+000   2.1500975230601611E+000   3.9502353209996053E+000   6.9725527171298340E-001
4.3085072711457241E+008   2.7985841688267090E+000   2.1626907228910870E+000   3.9537891616041780E+000   6.9644419041930161E-001
3.5920100705726629E+008   2.9984954629417131E+000   2.2855430649993971E+000   3.9749280128091646E+000   7.1559265906348302E-001
3.0388983529442525E+008   3.1984047952241892E+000   2.3994688552045704E+000   3.9965611042303815E+000   7.2928937132363580E-001
2.5982534221243125E+008   3.3983199990628448E+000   2.5049257876800937E+000   4.0157559614669811E+000   7.4362812308819626E-001
2.2455061536882412E+008   3.5982358879011525E+000   2.6028523108118677E+000   4.0346425401308963E+000   7.5481822732625570E-001
1.9578134422283310E+008   3.7981551683958656E+000   2.6928136908559881E+000   4.0537283787879437E+000   7.6162724003421955E-001
1.7215166083113405E+008   3.9980752959073378E+000   2.7770532706870261E+000   4.0710865195055561E+000   7.6903074851451336E-001
1.5248886487235701E+008   4.1979971695710185E+000   2.8570590004149463E+000   4.0864196641451533E+000   7.7836732409928022E-001
1.3601376887696230E+008   4.3979195932932171E+000   2.9296705163929775E+000   4.1029597002823248E+000   7.8159300981395186E-001
1.2209055144859588E+008   4.5978422442737452E+000   2.9988073900806653E+000   4.1176943151177481E+000   7.8669221698694947E-001
1.1019256067999488E+008   4.7977657024920646E+000   3.0636652268002167E+000   4.1314841305878360E+000   7.9154150440655091E-001
9.9993894144162446E+007   4.9976882392994195E+000   3.1235549503198117E+000   4.1454819259641278E+000   7.9349077541376301E-001
9.1187313894687861E+007   5.1976102205886523E+000   3.1806091509171015E+000   4.1583676236251979E+000   7.9624648039026757E-001
8.3481683908457309E+007   5.3975355290667757E+000   3.2337817955163017E+000   4.1716013412329609E+000   7.9636536747434095E-001
7.6775832950519606E+007   5.5974581968119530E+000   3.2872342653687152E+000   4.1830663043348153E+000   8.0016167619684075E-001
7.0863963630867511E+007   5.7973823410735097E+000   3.3389560604760469E+000   4.1940904088758684E+000   8.0397436466840089E-001
6.5625110482855484E+007   5.9973080524724178E+000   3.3893542750348971E+000   4.2041861158851574E+000   8.0898205792924571E-001
6.1008502304638788E+007   6.1972298955992153E+000   3.4376866240067780E+000   4.2152561545136926E+000   8.1100815515811753E-001
5.6877349792343691E+007   6.3971538069397855E+000   3.4855889261255695E+000   4.2236938104938364E+000   8.1808399425722444E-001
5.3198589452771425E+007   6.5970746131510207E+000   3.5318058871076206E+000   4.2340966975255663E+000   8.2038670068479047E-001
4.9873567631938234E+007   6.7969983301713777E+000   3.5770482404574295E+000   4.2434478640852857E+000   8.2430554424025759E-001
4.6899325139827490E+007   6.9969176985789572E+000   3.6215550560784315E+000   4.2524722525385217E+000   8.2851017514428460E-001
4.4208672614715151E+007   7.1968312259836775E+000   3.6649281125201636E+000   4.2607581690448022E+000   8.3362487035259092E-001
4.1767266994477153E+007   7.3966916184426417E+000   3.7066240051376127E+000   4.2681381751917566E+000   8.3971280436740670E-001
3.9543170358920775E+007   7.5964556145051834E+000   3.7497617773237546E+000   4.2775874074693530E+000   8.4238322590528314E-001
3.7516818877630137E+007   7.7961239327379834E+000   3.7897392060233379E+000   4.2847507060057906E+000   8.4804534318220282E-001
3.5665668054764830E+007   7.9956695918683582E+000   3.8283902223712731E+000   4.2914610433555769E+000   8.5395017665659645E-001
2.8407155209594354E+007   8.9910528439751580E+000   4.0131012634831684E+000   4.3247750652029406E+000   8.7967765351781690E-001
2.3637206862615436E+007   9.8334198267463968E+000   4.1535601645673177E+000   4.3462092174596174E+000   9.0703879954653654E-001
1.9969640140868109E+007   1.0818760108131602E+001   4.2950264946875345E+000   4.3669075817678209E+000   9.3637523599023975E-001
1.7307612753229257E+007   1.1800533990491635E+001   4.4177793211866652E+000   4.3839683294331291E+000   9.6363015390918960E-001
1.5285127746544126E+007   1.2775523269659086E+001   4.5260195473480778E+000   4.3982836017588580E+000   9.8911972233843559E-001
1.3703999796848994E+007   1.3744148903541607E+001   4.6214951496957664E+000   4.4100528071924714E+000   1.0133191126450527E+000
1.2439302014574915E+007   1.4707395773820405E+001   4.7075743367225016E+000   4.4200631079106563E+000   1.0363381047220508E+000
1.1408755938579325E+007   1.5665635206170373E+001   4.7857984209531104E+000   4.4287513854310410E+000   1.0580735917965869E+000
1.0555321009099422E+007   1.6618974366948777E+001   4.8570983581525997E+000   4.4365063845930859E+000   1.0782135620722413E+000
9.8389538025150299E+006   1.7568210243194702E+001   4.9225193001168073E+000   4.4433281905172679E+000   1.0972804212059806E+000
9.2298959109270312E+006   1.8517632199552448E+001   4.9828195656166141E+000   4.4495590780729231E+000   1.1149687788445752E+000
8.7068940998488422E+006   1.9471318468181206E+001   5.0382423920064703E+000   4.4555935751043112E+000   1.1306111979767275E+000
7.8560466914668642E+006   2.1421349858837143E+001   5.1393778613675725E+000   4.4668768894954241E+000   1.1586123038750515E+000
7.1956407979447870E+006   2.3189984570557503E+001   5.2248714933441729E+000   4.4735224231691770E+000   1.1880680525158471E+000
6.6688133135232721E+006   2.4916757291397978E+001   5.3002427487981407E+000   4.4777320078709657E+000   1.2173345108392528E+000
6.2458594526255960E+006   2.6598882062858429E+001   5.3962817711857385E+000   4.3950200604903573E+000   1.4307779167942685E+000
5.8893221504502222E+006   2.8245748109396509E+001   5.4630471495386033E+000   4.3965068256375570E+000   1.4611870756763008E+000
5.5886227686033789E+006   2.9855925454619317E+001   5.5164557082027015E+000   4.3861089423029895E+000   1.5086871216774844E+000
5.3315891944700181E+006   3.1425798441029826E+001   5.5693209803662107E+000   4.3742002266356863E+000   1.5589371890938470E+000
5.1091067795896186E+006   3.2975193615524802E+001   5.6069005080959036E+000   4.3827062814853006E+000   1.5607148432594642E+000
4.9151123186062817E+006   3.4487531091654333E+001   5.6371284451661623E+000   4.3487928626502983E+000   1.6436556494645969E+000
4.7440007210530303E+006   3.5973112109915363E+001   5.6771613011254320E+000   4.3470286473597906E+000   1.6672005080252488E+000
4.3937355521442788E+006   3.9526516842342303E+001   5.8079764408322552E+000   4.3061429408312764E+000   1.8143794909356870E+000
4.1225411346813273E+006   4.1980171041020732E+001   5.8509205604476424E+000   4.2600955399558647E+000   1.9279463524942062E+000
3.9078984102480952E+006   4.4478990472588478E+001   5.9401600272036834E+000   4.0890838388049824E+000   2.3145894881739908E+000
3.7350194731076672E+006   4.6576813430764751E+001   5.9595082282672118E+000   4.1041897240520697E+000   2.2940518182115808E+000
3.5879571365382159E+006   4.8627565309207931E+001   6.0041617632488506E+000   4.2379310202792322E+000   2.0488959932480761E+000
3.4624055920205461E+006   5.0600041872979808E+001   6.0578605539319810E+000   4.3335937987523447E+000   1.8844198316434153E+000
3.3535904473447972E+006   5.4721700029904731E+001   6.1063127504957437E+000   4.3714224820690770E+000   1.8329885632918304E+000
3.2585196335344431E+006   5.9170715102502044E+001   6.1466424893614526E+000   4.3793415336487476E+000   1.8373153295653457E+000
3.1754530804971042E+006   6.3622568389450720E+001   6.1897173972082928E+000   4.3705249923921876E+000   1.8764858660018851E+000
3.1024088175629880E+006   6.5383262948645594E+001   6.2266528199179056E+000   4.4478197528732411E+000   1.7403640563945846E+000
3.0373528239534898E+006   6.6795391354635598E+001   6.2658119667056473E+000   4.4827595055481737E+000   1.6900641244385901E+000
2.9794632627871046E+006   6.8005834285871487E+001   6.2933577946223496E+000   4.5796720271185158E+000   1.5100119952562565E+000
2.9265085769795282E+006   6.9253683198683859E+001   6.3243003641167661E+000   4.6472229503536058E+000   1.3903814335332856E+000
2.8778542502366048E+006   7.0599759589351024E+001   6.3515354694203099E+000   4.6958024597627457E+000   1.3068399673667748E+000
2.8329437488003913E+006   6.9715247631139690E+001   6.3745633044128178E+000   4.8026452143990852E+000   1.1046683755903517E+000
2.7927595217526564E+006   6.7524463835654217E+001   6.3925972321142464E+000   4.9106767734894987E+000   8.9762222126023983E-001
2.7564401950900741E+006   6.4718978941277584E+001   6.4006756003532459E+000   5.0041964212961929E+000   7.1462210976635165E-001
2.7245122599309972E+006   6.0780369955376926E+001   6.3829538526599787E+000   5.0671708986535160E+000   5.7981228120507133E-001
2.6933275203670147E+006   5.9823298325340780E+001   6.3763405316088004E+000   5.0790729201212219E+000   5.5270157774406903E-001
2.6692256013148255E+006   5.5350602379689242E+001   6.3325915278951408E+000   5.0794934093341793E+000   5.2998609746132541E-001
2.6440963259782870E+006   5.4079153654930806E+001   6.3192264250074626E+000   5.0786751212532906E+000   5.2494012217926489E-001
2.6224341854771343E+006   5.2156477428860875E+001   6.2986544449470490E+000   5.0785206813114199E+000   5.1496301203279971E-001
2.5331480412491858E+006   4.7356329519872467E+001   6.2425946693637950E+000   5.0750688315020334E+000   4.9383682385994387E-001
2.4648478791445345E+006   4.5676944612931372E+001   6.2213869285528443E+000   5.0732963492300822E+000   4.8677791799837195E-001
2.4159012043139031E+006   4.4182136887973229E+001   6.2016553771312868E+000   5.0714515315764581E+000   4.8060177759483996E-001
2.3724091648401269E+006   4.4023758562198786E+001   6.1995120928360050E+000   5.0712006325404495E+000   4.8003193351921863E-001
2.3392969915997963E+006   4.3541742840667730E+001   6.1927833784977562E+000   5.0698091446912983E+000   4.7945055204839415E-001
2.3062719473543335E+006   4.3872942673633048E+001   6.1972883103650664E+000   5.0702967643190782E+000   4.8072777872649114E-001
